20220108
20221101
20220612
20221231
20220319
20221206
20220319
20221231
20220107
20220725
20220304
20220304
20221206
20220612
20220612
20221206
20221201
20220317
20220726
20220408
20220901
20221019
20221009
20220404
20221231
20221201
20221231
20220404
20220109
20221206
20220612
20221231
20221006
20220304
20220404
20221231
20220921
20221231
20221205
20221101
20221231
20221211
20221211
20221015
20221231
20221211
20221009
20220818
20221101
20220509
20220921
20221231
20221231
20220914
20221011
20221122
20221226
20220921
20221126
20221231
20221204
20221231
20220607
20220728
20221231
20220102
20221211
20220407
20220805
20220404
20220921
20221201
20221231
20220716
20220612
20221101
20220612
20220721
20221231
20220927
20220317
20221211
20220317
20221231
20220921
20221206
20220612
20221231
20220921
20221204
20221101
20221201
20220612
20221231
20220612
20221231
20220612
20220821
20220728
20221231
20221212
20221201
20221231
20220120
20220102
20220103
20220301
20221231
20221231
20220612
20220304
20221231
20220716
20220304
20221101
20220921
20221231
20220404
20220827
20221206
20221231
20221206
20220612
20221204
20220323
20220226
20220319
20221223
20220331
20221127
20220404
20221101
20221027
20221011
20220404
20221231
20221231
20221206
20221231
20221231
20221231
20221231
20221231
20220612
20221231
20221231
20221028
20220612
20221206
20221231
20220612
20220502
20221010
20220108
20220407
20221204
20220817
20220921
20221204
20220407
20221231
20220104
20221231
20221231
20220202
20221101
20220404
20221022
20221206
20220604
20221231
20221231
20221231
20221231
20220805
20220612
20220921
20221206
20221110
20220921
20221211
20221231
20220329
20220612
20221204
20220612
20220513
20220319
20220921
20221231
20221204
20220319
20221231
20221101
20220612
20220324
20221102
20221126
20220411
20220101
20220306
20221231
20220317
20221206
20220921
20220419
20220612
20220418
20221106
20220326
20221126
20220612
20220319
20221211
20221206
20221110
20220629
20220404
20220304
20221211
20220304
20221101
20221231
20221231
20220604
20220623
20220905
20220921
20221227
20220419
20221211
20220530
20220324
20221211
20220404
20220304
20220404
20220612
20220612
20220728
20220319
20221205
20221211
20221231
20220921
20221231
20221030
20221231
20221114
20221101
20221231
20221231
20221201
20221231
20220814
20220404
20220304
20220404
20221231
20221231
20221231
20221231
20220319
20221204
20220407
20221231
20221231
20221022
20220120
20220102
20221204
20221101
20221231
20221231
20220604
20221105
20220909
20220612
20221231
20221216
20220921
20220604
20220604
20220723
20220721
20220102
20221101
20220612
20220827
20221231
20220425
20220130
20220204
20220628
20220827
20221231
20221206
20220612
20220921