20220805
20221126
20220710
20220830
20220526
20221102
20221126
20221108
20220815
20221126
20221121
20220630
20220526
20220710
20220913
20221207
20220924
20221226
20220831
20220914
20220603
20220820
20220820
20221022
20220820
20220207
20220823
20220715
20221017
20220823
20220715
20220705
20221121
20220127
20221201
20221203
20220927
20220725
20220402
20221126
20220207
20220910
20220823
20221121
20220209
20220911
20220922
20220923
20221101
20221123
20220710
20220815
20220801
20220904
20220712
20220715
20220928
20221126
20220108
20220905
20220823
20220710
20220411
20220427
20220709
20220610
20220911
20220402
20220831
20220815
20220901
20220604
20220722
20221130
20221218
20221126
20221216
20220603
20220906
20221217
20220923
20220603
20221123
20220823
20220411
20221126
20221226
20220411
20220912
20220918
20220514
20220325
20220207
20220207
20220923
20220710
20221123
20220823
20221027
20220814
20220907
20220628
20221121
20221103
20221227
20220526
20220823
20220710
20220709
20220724
20220925
20221003
20220710
20220908
20221112
20220907
20220710
20221108
20220907
20220919
20220918
20220710
20220903
20220925
20221126
20220915
20221203
20220924
20221103
20220919
20220710
20220903
20221108
20220610
20220823
20220823
20220907
20221121
20220911
20220630
20220405
20220207
20220915
20221227
20220309
20221126
20220731
20220118
20221216
20220603
20221126
20221108
20220710
20220913
20220411
20220714
20220926
20220913
20220907
20220207
20220210
20221121
20220708
20220831
20221126
20220815
20220808
20220207
20221126
20220603
20220207
20220411
20220712
20220928
20220823
20220710
20220910
20220712
20221218
20220710
20220710
20220203
20220710
20221105
20220806
20221226
20220207
20221126
20220428
20220411
20221204
20220908
20220207
20220814
20220207
20220909
20220603
20221111
20221208
20220802
20221126
20220927
20220901
20220907
20220411
20221201
20220830
20220908
20220820
20220603
20221126
20220716
20220814
20220710
20220918
20220814
20220823
20220817
20220603
20221112
20221126
20220710
20220710
20220819
20220903
20220802
20220904
20220823
20220908
20221203
20220806
20220927
20220918
20220411
20220823
20220905
20220823
20220908
20220801
20220908
20220820
20220823
20221126
20220907
20220207
20220903
20220820
20220909
20221103
20221216
20220209
20220712
20221126
20221126
20221013
20220912
20220411
20220908
20221023
20220817
20220710
20220831
20220908
20220908
20221108
20220207
20221126
20220905
20220905
20221103
20220114
20220823
20221008
20220823
20220823
20220901
20221202
20220916
20220815
20220203
20220918
20221214
20220603
20220603
20220722
20220925
20221203
20220207
20221126
20220905
20220526
20221103
20220710
20220710
20221226
20220907
20220714
20220514
20220909
20221126
20220207
20220402
20220919
20220915
20221126
20220814
20220823
20220309
20220603
20220715
20220207
20220903
20220402
20220710
20220604
20220309
20220301
20220207
20221108
20220906
20220627