20200405
20200716
20200209
20201002
20200419
20200911
20200907
20200718
20200821
20200905
20200626
20200603
20200326
20200711
20201113
20201226
20200906
20201115
20200315
20201218
20200229
20200906
20200419
20200919
20200820
20201004
20200910
20201113
20200411
20200626
20200710
20200926
20201113
20200527
20200803
20200626
20200406
20200814
20200724
20200321
20200626
20201104
20200304
20200410
20200720
20200304
20200405
20201122
20200403
20201104
20200412
20200317
20200804
20201122
20200727
20200821
20201112
20200919
20200906
20200626
20200626
20200316
20201103
20200820
20200713
20200805
20200404
20200803
20200226
20200405
20200907
20200727
20200819
20201010
20200912
20200813
20200806
20200907
20200727
20201122
20200317
20200820
20201209
20200807
20200226
20200229
20200722
20200226
20200814
20200703
20201224
20200911
20200321
20200909
20200317
20201224
20200818
20200802
20200727
20200422
20200906
20200711
20200527
20200804
20200229
20200906
20200807
20200317
20201206
20200910
20200519
20201206
20200820
20201206
20200803
20200906
20200317
20200511
20201122
20200813
20201221
20201122
20201208
20200814
20200907
20200703
20200709
20200919
20201104
20200912
20200821
20200814
20200630
20200404
20201122
20200814
20200912
20200724
20200905
20200906
20200712
20200608
20200611
20201113
20200814
20200410
20200908
20200226
20200604
20201206
20200808
20201113
20200527
20200820
20201112
20200912
20201010
20200807
20200711
20200720
20200905
20201206
20201103
20200626
20201209
20200912
20200906
20200819
20200919
20200225
20200719
20200919
20201004
20200622
20200317
20200304
20200907
20200404
20200802
20200208
20200331
20200821
20200817
20201121
20200910
20200906
20200727
20200731
20200819
20200321
20200921
20200829
20201122
20200912
20200317
20200814
20200806
20200626
20201224
20200806
20200819
20201104
20200705
20200729
20200626
20201104
20200716
20201016
20201122
20200812
20200803
20200711
20200919
20200820
20201206
20201113
20200806
20200529
20200816
20200704
20200317
20200626
20200404
20200226
20200730
20200626
20200524
20201111
20200229
20200422
20200806
20201104
20200626
20201103
20200805
20200819
20200724
20200321
20200304
20201017
20200906
20201113
20200722
20200807
20200803
20200907
20200907
20201208
20200823
20200110
20200822
20200722
20201027
20200910
20201224
20200912
20200805
20201224
20200226
20200729
20200226
20200906
20200422
20200317
20200404
20200819
20200703
20201103
20200810
20200404
20200901
20201003
20200422
20200713
20200702
20200910
20201227
20201202
20200713
20200626
20200626
20200621
20200919
20200623
20200906
20201112
20200410
20200703
20200626
20200819
20200304
20200919
20200626
20200527
20200404
20200317
20200919
20200419
20200820
20200729
20200913
20200807
20200907
20200909
20201217
20201117
20200721
20200527
20200821
20200919
20201130
20201010
20200919
20200601
20200906
20200716
20200718
20200819
20200817
20200608
20200511
20200809
20200911
20200727
20200727
20200919
20201113
20200531
20200817
20200727
20200402