20200714
20200505
20200212
20200203
20200613
20200713
20200211
20200403
20200507
20200212
20200427
20200621
20201006
20200715
20201230
20200714
20200524
20200829
20200621
20201128
20200612
20200713
20200713
20200805
20200424
20200211
20200102
20200730
20200319
20200730
20201130
20200817
20201210
20201029
20200829
20200621
20200713
20201230
20200621
20200427
20201226
20200903
20200621
20200621
20201230
20200218
20200612
20200811
20200621
20200218
20201022
20200621
20200621
20200730
20200719
20200212
20200424
20200305
20200730
20200612
20201114
20200211
20201029
20200814
20201230
20200205
20200524
20201222
20200205
20200223
20200414
20200612
20200528
20200805
20200713
20201215
20200829
20201230
20201230
20201230
20201130
20200414
20200829
20200713
20200713
20200829
20200212
20200713
20200621
20200621
20200612
20201102
20200217
20200505
20200212
20200807
20201230
20201110
20200805
20200713
20200805
20201230
20200319
20200801
20200621
20200528
20201230
20201230
20201230
20200713
20200211
20200621
20200211
20201213
20200904
20200818
20200805
20200211
20201125
20200511
20200829
20200524
20200211
20200225
20200414
20200116
20200621
20201230
20200205
20200212
20200212
20200805
20200427
20200505
20200713
20200804
20200805
20200713
20200612
20200211
20200713
20200212
20200211
20200212
20201215
20200114
20200805
20200424
20201230
20200805
20200829
20200212
20200403
20200909
20200915
20200211
20200817
20200427
20200621
20200829
20200414
20200829
20201215
20201230
20200713
20201230
20200713
20201230
20200221
20201029
20200831
20200212
20200205
20201008
20201230
20200713
20200212
20200715
20200319
20201120
20200211
20200803
20200811
20200829
20200116
20200414
20200205
20200212
20200621
20200713
20200212
20201115
20200811
20200713
20200107
20200713
20200805
20200612
20200820
20200212
20201230
20200713
20200820
20200509
20200829
20200218
20200205
20200829
20200621
20200713
20200805
20200305
20200319
20200718
20201230
20200211
20200414
20200427
20200612
20200713
20200319
20201020
20200805
20200612
20200713
20200621
20200212
20200904
20200212
20200829
20200829
20200612
20201230
20201230
20200829
20200126
20200715
20200621
20200803
20200713
20201230
20200814
20200414
20200205
20200801
20200713
20201217
20200524
20200424
20201127
20200817
20200505
20200211
20200713
20201215
20200505
20200713
20201230
20200212
20200829
20201230
20200713
20200811
20200211
20200714
20201230
20201022
20200713
20200621
20200817