20201029
20200816
20200313
20200304
20200911
20200713
20200205
20201128
20201019
20200111
20200726
20200316
20200624
20201219
20200513
20200124
20200216
20200928
20200519
20200816
20200721
20200816
20200607
20200605
20200601
20201215
20200407
20200912
20201217
20200316
20201013
20201003
20200929
20200401
20200726
20200518
20200930
20200315
20200614
20201211
20201014
20200929
20201029
20200119
20200725
20201029
20201011
20200315
20200227
20200816
20201013
20201128
20200727
20200322
20200316
20200111
20200107
20200819
20201028
20200630
20200801
20200815
20200820
20200726
20201224
20200902
20200816
20200315
20200914
20200111
20200319
20200127
20200221
20200315
20200929
20200721
20201215
20201003
20201211
20200816
20200726
20200217
20201226
20200908
20200817
20200108
20200725
20200816
20200315
20200902
20200725
20200111
20200726
20201008
20200517
20200217
20200529
20200217
20200405
20200120
20200819
20201010
20200205
20201115
20201211
20200816
20200629
20200510
20200727
20200726
20200817
20200727
20200620
20200726
20200619
20200727
20200930
20201103
20200305
20201208
20200116
20201223
20200816
20201010
20200122
20200727
20201005
20200124
20200726
20201211
20200902
20200304
20200121
20200929
20200315
20200315
20200130
20200815
20201128
20200918
20200813
20200315
20200601
20200816
20201025
20200725
20200908
20200828
20200721
20201013
20200201
20200827
20200315
20200626
20200928
20200724
20200908
20200307
20201010
20200726
20200316
20200819
20200205
20200801
20200727
20200330
20201113
20200124
20200725
20200725
20200124
20200208
20200815
20200614
20200909
20201217
20200914
20200601
20200213
20200819
20201208
20200725
20200816
20200816
20200402
20200819
20200726
20200815
20200124
20201019
20201018
20200223
20200219
20200706
20200119
20201223
20200821
20200205
20200929
20200708
20201020
20201125
20201211
20201104
20200111
20200315
20200518
20200204
20200506
20200307
20200313
20200119
20200726
20200816
20201013
20200629
20200410
20200726
20200322
20200229
20200111
20200816
20201122
20200316
20200115
20200726
20200711
20200130
20200122
20200928
20201019
20200407
20200822
20200213
20201214
20200213
20200902
20200506
20200821
20200517
20200607
20200404
20200616
20200330
20200711
20200819
20200307
20201211
20200725
20200909
20200123
20200928
20200817
20201009
20200725
20200821
20200304
20201021
20200713
20200313
20201211
20200116
20200325
20200108
20200929
20200816
20200517
20201018
20200313
20200208
20201101
20200912
20200816
20200725
20200112
20200711
20200330
20200502
20200713
20200725
20200901
20200323
20200122
20200831
20200607
20201007
20200307
20200120
20200929