20220804
20220530
20220413
20220413
20220504
20220504
20220413
20220530
20220413
20220504
20220504
20221215
20221106
20220530
20220119
20220119
20220530
20220530
20220119
20221216
20220427
20220413
20220413
20220225
20220413
20220301
20221231
20221231
20220504
20220925
20220119
20220219
20220119
20220831
20221106
20220818
20220702
20221106
20220413
20220424
20220413
20220412
20220119
20221106
20220413
20220219
20220530
20220712
20220219
20220119
20220413
20220413
20220119
20220504
20220818
20220407
20220818
20221215
20220102
20220413
20220413
20220424
20220119
20220413
20220412
20220504
20220712
20220530
20220812
20220530
20220119
20220413
20220119
20220818
20220219
20220412
20220504
20220413
20220720
20221015
20220818
20220818
20220719
20220219
20220318
20220530
20220804
20220412
20220818
20220815
20221215
20220225
20220504
20220312
20220413
20220401
20220818
20220412
20221231
20220119
20220812
20220412
20220225
20220119
20220413
20220119
20220606
20220413
20220818
20220826
20220412
20220119
20220102
20220119
20220804
20220612
20220427
20220818
20220413
20221207
20220911
20220407
20220804
20220219
20220225
20220219
20220922
20220413
20220102
20220723
20221106
20220407
20220720
20220504
20220530
20220119
20220413
20220504
20220530
20221106
20220119
20220818
20220119
20221010
20220904
20220413
20220413
20220119
20220823
20220413
20220412
20220818
20220818
20220109
20220219
20220427
20220413
20220826
20221106
20220413
20220119
20221125
20220119
20220119
20220219
20220119
20220318
20220119
20220413
20220413
20221203
20220916
20220413
20220413
20220119
20220804
20220413
20221106
20220102
20220504
20220818
20220219
20220804