20220730
20221009
20220730
20221028
20220904
20221025
20220817
20220601
20221030
20221025
20220217
20220904
20220730
20221025
20220223
20220730
20220623
20220607
20220607
20221025
20220901
20221207
20220904
20220730
20221126
20220730
20221226
20220911
20220223
20220223
20220607
20221025
20220212
20221025
20220126
20220817
20221025
20220904
20220730
20220730
20220904
20220223
20221126
20220904
20220831
20220223
20221126
20220830
20221204
20220301
20221126
20220212
20220831
20221025
20220904
20221028
20221025
20221126
20221126
20220623
20221126
20221025
20220911
20220730
20220730
20220904
20221025
20220904
20220904
20220223
20220223
20220321
20220730
20220730
20220203
20220608
20220904
20221025
20220904
20220228
20220730
20221009
20221025
20221025
20221025
20220730
20220326
20220826
20221025
20221025
20221126
20220618
20221126
20221025
20221126
20221025
20220714
20220911
20221025
20220223
20221126
20221219
20221207
20220608
20221025
20220730
20220901
20221130
20221004
20221126
20221126
20220502
20220605
20220904
20220730
20220911
20220730
20221210
20220223
20220630
20221025
20220223
20221126
20220817
20220811
20220730
20220730
20220904
20220608
20220831
20220911
20220904
20221025
20221025
20220904
20220730
20220730
20221126
20220223
20220817
20220904
20221025
20220210
20220904
20221025
20220223
20220608
20220904
20220907
20220730
20220811
20221126
20220831
20220904
20220730
20221025
20220817
20220223
20220223
20220728
20220223
20220904
20220610
20221025
20220904
20221126
20220904
20220904
20220904
20220904
20221126
20221025
20221025
20220223
20221126
20221005
20220904
20220904
20220610
20220922
20221101
20221025
20220223
20220904
20221025
20220730
20220223
20220401
20220401
20220223
20220223
20220210
20220730
20221012
20221226
20221025
20220223
20220223
20220517
20220922
20220719
20220901
20220730
20221025
20220730
20220223
20221025
20220223
20220212
20220203
20221025
20221126
20221025
20220904
20221025
20220825
20220605
20220817
20220223
20220901
20220730
20221009
20221025
20221025
20221031
20220223
20221025
20220703
20220911
20220223
20221126
20221010
20220918
20221025
20221126
20220904
20221025
20221126
20220730
20220904
20220819
20220904
20221110
20221025
20220730
20220402
20220212
20221025
20221005
20220607
20220326
20221025