20200907
20200609
20200705
20201018
20200907
20200627
20200310
20200207
20201122
20200429
20200722
20200722
20200627
20201026
20200907
20200907
20200504
20200609
20200207
20200907
20201004
20200820
20200913
20200504
20200907
20200103
20200705
20200609
20201022
20200609
20200728
20200907
20200103
20200627
20200722
20201022
20200108
20200907
20201223
20200207
20200913
20201018
20200609
20200907
20200722
20201125
20201125
20200907
20200108
20200205
20200429
20200913
20200118
20200722
20200913
20200108
20200206
20201125
20200729
20200103
20201122
20200602
20200907
20200907
20200525
20201216
20200609
20200213
20200722
20201125
20200728
20200907
20200414
20200609
20200907
20200118
20200609
20200103
20200913
20201122
20200118
20200609
20200609
20200913
20201122
20200729
20201019
20200913
20200310
20200907
20201026
20200722
20200108
20200514
20201212
20200913
20201212
20201212
20201018
20200907
20200310
20200705
20200705
20200907
20200108
20200627
20200525
20200213
20200207
20201019
20200913
20200907
20200823
20200729
20200310
20200310
20200705
20200525
20200913
20200108
20201122
20200310
20200525
20200103
20200627
20200913
20200907
20200310
20200525
20200609
20201022
20200213
20200118
20200907
20200525
20201018
20200808
20200310
20200207
20200609
20201022
20200609
20201122
20200525