20200405
20201213
20200315
20200309
20200824
20201024
20200625
20200119
20200119
20201019
20200315
20200918
20200726
20200819
20200601
20201226
20201015
20200114
20200624
20200124
20200315
20201208
20200323
20200929
20200404
20201122
20200111
20200623
20200928
20200929
20200629
20200316
20200725
20201024
20200315
20200108
20200519
20200915
20200928
20200131
20201004
20200122
20201122
20201213
20200721
20201027
20200121
20201012
20200825
20200205
20200824
20201211
20200405
20201211
20200315
20200315
20200315
20200725
20200820
20200104
20201211
20201017
20200726
20200405
20200315
20200122
20200107
20201015
20200229
20200726
20201013
20200929
20200124
20201011
20201008
20200322
20200929
20200622
20200307
20200824
20200519
20200123
20201030
20201211
20200902
20200816
20201004
20200928
20200929
20200725
20200129
20201211
20201011
20200405
20200315
20200711
20200316
20200307
20200307
20200816
20201112
20200315
20200816
20201213
20201030
20200124
20200420
20200725
20200405
20200627
20200902
20200315
20200708
20200915
20200831
20200918
20201211
20201104
20201024
20200217
20201122
20200404
20200124
20200901
20200315
20201011
20200725
20200124
20200819
20200727
20200701
20200917
20201024
20200914
20200120
20200721
20200816
20200315
20200928
20200404
20200403
20200315
20200307
20200304
20200104
20201015
20200725
20200726
20200907
20200612
20200315
20200816
20200915
20200726
20200519
20201024
20201012
20200816
20201226
20200817
20200307
20200725
20201122
20200601
20200127
20200315
20201020
20200909
20200315
20200916
20201211
20200726
20201003
20201017
20201020
20200315
20201008
20201020
20200905
20200726
20201211
20200316
20201128
20200902
20200915
20201211
20200228
20201014
20200711
20200725
20201007
20200518
20200726
20200929
20200702
20200816
20200701
20201224
20200725
20200613
20200727
20200902
20201105
20201230
20200825
20201017
20201007
20200108
20201024
20200702
20200405
20200111
20200721
20200315
20200725
20200819
20200711
20201019
20200123
20201012
20201013
20200201
20201012
20200107
20201211
20200207
20201024
20201009
20201208
20201226
20200316
20201224
20200405
20200824
20200726
20200315
20200908
20201115
20201226
20200711
20200725
20200902
20201013
20200726
20201217
20200313
20201020
20200322
20201003
20200928
20200726
20200205
20201024
20200928
20200110
20200122
20200701
20200929
20201211
20200315
20201211
20200725
20200120
20200726
20200313
20200726
20201211
20200816
20201211
20200522
20200824
20200119
20200816
20200124
20200725
20200302
20200315
20200214
20200408
20201204
20201115
20200405
20200111
20200624
20201211
20200229
20201024
20200313
20201105