track_id,filename,from_sunrise,det_score,x,y,r,lon,lat,radius,geo_dist,local_time
1,KTYX20200103_121320_V06,-23.340,0.328,288.623,291.041,8.849,-75.751,43.796,4424.587,7240.447,20200103_071320
3,KTYX20200103_130030_V06,23.827,0.053,43.653,420.101,66.756,-77.257,43.204,33378.128,141543.456,20200103_080030
2,KTYX20200106_135119_V06,74.838,0.097,26.337,308.921,36.384,-77.378,43.703,18192.083,136904.246,20200106_085119
2,KTYX20200106_140336_V06,87.122,0.052,33.260,310.241,48.761,-77.335,43.698,24380.711,133468.250,20200106_090336
2,KTYX20200108_122502_V06,-11.106,0.088,73.874,307.950,79.912,-77.083,43.711,39956.116,113132.870,20200108_072502
2,KTYX20200108_123110_V06,-4.972,0.232,75.953,308.058,86.108,-77.070,43.711,43053.761,112096.118,20200108_073110
4,KTYX20200108_130137_V06,25.478,0.071,47.326,186.867,56.232,-77.262,44.254,28116.226,138422.611,20200108_080137
8,KTYX20200108_134349_V06,67.678,0.070,44.717,354.959,62.972,-77.258,43.498,31486.217,130566.026,20200108_084349
6,KTYX20200110_133415_V06,58.617,0.102,31.787,253.965,48.850,-77.351,43.951,24424.904,136067.713,20200110_083415
6,KTYX20200110_133856_V06,63.300,0.164,33.529,252.590,56.091,-77.340,43.957,28045.535,135327.668,20200110_083856
6,KTYX20200110_134335_V06,67.950,0.065,40.886,254.447,58.039,-77.294,43.949,29019.488,131543.765,20200110_084335
7,KTYX20200110_133415_V06,58.617,0.057,244.943,322.751,22.640,-76.021,43.653,11319.817,29786.370,20200110_083415
7,KTYX20200110_133856_V06,63.300,0.187,245.290,321.938,30.510,-76.019,43.657,15255.135,29472.081,20200110_083856
8,KTYX20200110_134815_V06,72.617,0.227,28.331,183.233,33.014,-77.381,44.269,16506.763,147850.084,20200110_084815
8,KTYX20200110_135255_V06,77.283,-1.000,28.331,183.233,40.434,-77.381,44.269,20216.763,147850.084,20200110_085255
8,KTYX20200110_140423_V06,88.750,0.054,45.266,161.409,60.281,-77.278,44.368,30140.369,144997.080,20200110_090423
4,KTYX20200110_132920_V06,53.700,0.052,42.012,203.209,74.322,-77.293,44.180,37160.797,137773.496,20200110_082920
3,KTYX20200117_131437_V06,42.024,0.075,304.510,295.990,25.234,-75.652,43.774,12617.165,3017.584,20200117_081437
3,KTYX20200118_130657_V06,34.947,0.053,21.315,257.191,36.150,-77.416,43.935,18074.841,140977.120,20200118_080657
3,KTYX20200118_131401_V06,42.014,0.051,22.887,247.060,44.015,-77.407,43.981,22007.606,141062.350,20200118_081401
3,KTYX20200118_132106_V06,49.097,-1.000,24.294,237.994,52.262,-77.399,44.022,26130.836,141296.327,20200118_082106
3,KTYX20200118_132811_V06,56.181,0.118,34.252,211.058,60.319,-77.341,44.144,30159.707,140118.340,20200118_082811
3,KTYX20200118_133515_V06,63.247,-1.000,40.310,192.287,68.444,-77.305,44.229,34221.875,140571.040,20200118_083515
3,KTYX20200118_134220_V06,70.331,0.089,58.265,195.985,73.246,-77.192,44.214,36623.119,131581.739,20200118_084220
3,KTYX20200118_134923_V06,77.381,0.063,61.819,192.098,74.423,-77.171,44.232,37211.641,130741.330,20200118_084923
2,KTYX20200118_130657_V06,34.947,0.097,26.787,470.187,37.043,-77.355,42.978,18521.564,160941.794,20200118_080657
2,KTYX20200118_131401_V06,42.014,0.084,29.164,472.862,47.876,-77.340,42.966,23937.803,160649.792,20200118_081401
5,KTYX20200118_133515_V06,63.247,0.178,66.935,194.399,74.168,-77.138,44.222,37084.198,127936.544,20200118_083515
4,KTYX20200119_124626_V06,15.059,0.070,295.545,146.623,21.332,-75.708,44.446,10666.241,76720.906,20200119_074626
6,KTYX20200126_130154_V06,35.942,0.083,25.918,325.476,30.751,-77.378,43.629,15375.515,137631.530,20200126_080154
6,KTYX20200126_130628_V06,40.508,0.204,26.304,325.866,37.151,-77.376,43.627,18575.505,137457.640,20200126_080628
6,KTYX20200126_131100_V06,45.042,0.191,28.342,326.317,38.337,-77.363,43.625,19168.300,136464.735,20200126_081100
6,KTYX20200126_131533_V06,49.592,0.139,33.747,323.793,40.949,-77.330,43.637,20474.581,133656.931,20200126_081533
6,KTYX20200126_132006_V06,54.142,-1.000,37.846,322.290,43.501,-77.305,43.644,21750.282,131549.832,20200126_082006
6,KTYX20200126_132439_V06,58.692,-1.000,41.945,320.787,46.052,-77.279,43.651,23025.983,129445.249,20200126_082439
6,KTYX20200126_132912_V06,63.242,0.179,42.599,327.479,47.471,-77.275,43.621,23735.622,129431.941,20200126_082912
8,KTYX20200126_134523_V06,79.425,0.063,19.900,246.896,29.522,-77.426,43.982,14760.851,142544.734,20200126_084523
8,KTYX20200126_135228_V06,86.508,0.189,20.651,247.404,36.736,-77.421,43.979,18367.983,142128.630,20200126_085228
1,KTYX20200126_121216_V06,-13.692,0.057,35.563,312.346,37.026,-77.320,43.688,18513.231,132362.312,20200126_071216
2,KTYX20200205_125033_V06,35.146,0.341,27.322,523.184,39.901,-77.345,42.739,19950.344,176184.751,20200205_075033
2,KTYX20200205_125513_V06,39.813,0.066,28.932,524.888,46.929,-77.335,42.732,23464.736,176105.353,20200205_075513
2,KTYX20200206_130520_V06,51.147,0.251,24.960,163.196,27.694,-77.405,44.359,13847.151,153592.097,20200206_080520
2,KTYX20200206_131208_V06,57.947,0.216,29.618,157.427,38.515,-77.377,44.385,19257.324,152834.465,20200206_081208
2,KTYX20200206_131905_V06,64.897,-1.000,33.832,152.208,49.573,-77.351,44.409,24786.349,152223.613,20200206_081905
2,KTYX20200206_132333_V06,69.364,0.122,54.707,119.364,54.101,-77.224,44.558,27050.436,152313.954,20200206_082333
2,KTYX20200206_132752_V06,73.681,-1.000,54.707,119.364,60.964,-77.224,44.558,30482.186,152313.954,20200206_082752
2,KTYX20200206_133210_V06,77.981,0.080,105.410,113.295,37.227,-76.905,44.589,18613.380,134837.182,20200206_083210
6,KTYX20200206_133210_V06,77.981,0.091,28.104,422.502,39.980,-77.353,43.192,19990.170,149109.232,20200206_083210
6,KTYX20200206_133629_V06,82.297,0.096,29.199,421.549,46.716,-77.346,43.197,23357.996,148414.703,20200206_083629
1,KTYX20200206_123714_V06,23.047,0.066,30.212,301.415,40.161,-77.355,43.737,20080.578,134895.942,20200206_073714
2,KTYX20200207_115352_V06,-19.075,0.305,168.868,72.497,27.768,-76.508,44.777,13884.203,131294.764,20200207_065352
7,KTYX20200207_121216_V06,-0.675,0.437,50.976,172.957,47.512,-77.241,44.317,23755.777,139779.096,20200207_071216
8,KTYX20200207_121216_V06,-0.675,0.099,31.842,264.450,36.940,-77.349,43.904,18470.238,135251.972,20200207_071216
11,KTYX20200207_121216_V06,-0.675,0.064,521.406,497.170,24.111,-74.325,42.860,12055.485,148236.541,20200207_071216
12,KTYX20200207_121824_V06,5.458,0.155,114.329,100.044,34.681,-76.850,44.650,17340.651,136433.369,20200207_071824
17,KTYX20200207_124843_V06,35.775,0.062,50.492,214.474,74.934,-77.239,44.130,37466.751,131879.746,20200207_074843
3,KTYX20200209_131451_V06,64.474,0.146,21.977,452.817,34.056,-77.386,43.055,17028.130,158626.643,20200209_081451
3,KTYX20200209_132155_V06,71.541,0.555,24.535,451.150,40.903,-77.371,43.063,20451.389,157104.572,20200209_082155
3,KTYX20200209_132859_V06,78.607,0.089,29.528,444.768,41.358,-77.341,43.092,20678.988,153389.253,20200209_082859
3,KTYX20200209_133605_V06,85.707,0.135,37.438,440.607,42.323,-77.293,43.112,21161.530,148920.335,20200209_083605
1,KTYX20200211_115257_V06,-14.762,0.161,299.645,292.597,11.784,-75.682,43.789,5891.754,3705.806,20200211_065257
1,KTYX20200213_114327_V06,-21.505,0.059,39.564,158.539,81.199,-77.314,44.381,40599.316,148187.542,20200213_064327
2,KTYX20200213_121609_V06,11.195,0.089,58.019,268.652,86.554,-77.186,43.887,43276.970,122001.795,20200213_071609
1,KTYX20200216_131314_V06,72.575,0.072,310.062,292.320,8.441,-75.617,43.790,4220.364,6329.205,20200216_081314
1,KTYX20200226_123624_V06,51.269,0.051,278.226,324.792,27.792,-75.815,43.644,13895.819,16497.922,20200226_073624
1,KTYX20200306_110308_V06,-26.800,0.191,262.576,363.801,7.908,-75.911,43.468,3953.943,36983.306,20200306_060308
3,KTYX20200306_110953_V06,-20.050,0.197,375.342,321.582,14.011,-75.213,43.658,7005.466,39186.013,20200306_060953
3,KTYX20200310_111326_V06,-9.487,0.062,33.224,281.069,44.555,-77.338,43.829,22277.433,133723.612,20200310_071326
3,KTYX20200310_111758_V06,-4.954,0.071,34.599,281.253,50.554,-77.330,43.828,25277.014,133031.188,20200310_071758
2,KTYX20200310_111326_V06,-9.487,0.067,60.064,79.658,17.881,-77.195,44.737,8940.393,162880.082,20200310_071326
5,KTYX20200310_112245_V06,-0.170,0.051,102.990,135.980,32.827,-76.918,44.487,16413.334,128175.021,20200310_072245
6,KTYX20200310_114250_V06,19.913,0.129,33.123,148.861,36.954,-77.356,44.424,18476.936,153350.985,20200310_074250
7,KTYX20200310_114250_V06,19.913,0.060,354.557,202.445,50.293,-75.339,44.194,25146.595,55887.223,20200310_074250
10,KTYX20200310_121045_V06,47.830,0.097,39.921,522.082,54.849,-77.268,42.745,27424.339,170997.994,20200310_081045
11,KTYX20200310_121651_V06,53.930,0.063,29.326,178.254,34.070,-77.376,44.291,17034.792,148396.784,20200310_081651
12,KTYX20200310_123230_V06,69.580,0.184,203.585,23.634,21.706,-76.291,44.998,10852.764,146350.623,20200310_083230
1,KTYX20200312_120744_V06,48.361,0.129,26.497,407.601,47.449,-77.364,43.259,23724.606,146954.076,20200312_080744
1,KTYX20200314_110626_V06,-9.369,0.078,289.576,300.245,7.506,-75.745,43.755,3752.819,5213.539,20200314_070626
5,KTYX20200317_114356_V06,33.518,0.351,13.697,390.448,18.712,-77.445,43.335,9356.195,150125.253,20200317_074356
5,KTYX20200317_114831_V06,38.102,0.134,15.428,389.352,24.971,-77.435,43.340,12485.737,149135.090,20200317_074831
5,KTYX20200317_115319_V06,42.902,0.105,25.898,385.223,27.732,-77.371,43.360,13865.982,143522.587,20200317_075319
2,KTYX20200317_112623_V06,15.968,0.101,21.272,98.304,23.642,-77.437,44.650,11821.233,172025.216,20200317_072623
2,KTYX20200317_113046_V06,20.352,0.100,23.871,96.376,29.692,-77.421,44.659,14846.207,171544.270,20200317_073046
6,KTYX20200320_110949_V06,4.814,0.055,218.894,391.189,5.428,-76.180,43.344,2714.203,61019.458,20200320_070949
6,KTYX20200320_111412_V06,9.197,0.300,220.362,391.303,13.408,-76.171,43.344,6704.091,60577.127,20200320_071412
6,KTYX20200320_111835_V06,13.581,0.660,230.514,392.031,27.536,-76.108,43.341,13767.771,57658.777,20200320_071835
2,KTYX20200320_110113_V06,-3.786,0.109,78.424,230.510,12.766,-77.063,44.060,6382.796,116108.451,20200320_070113
1,KTYX20200323_113243_V06,33.139,0.079,24.984,258.679,30.750,-77.393,43.929,15375.186,139051.391,20200323_073243
1,KTYX20200325_120604_V06,70.105,0.058,29.003,522.801,33.987,-77.335,42.741,16993.324,175413.467,20200325_080604
1,KTYX20200325_121248_V06,76.839,0.099,29.318,521.040,41.250,-77.333,42.749,20624.997,174733.543,20200325_081248
5,KTYX20200403_105108_V06,11.341,0.512,298.080,299.208,16.874,-75.692,43.759,8436.916,1038.760,20200403_065108
7,KTYX20200404_110149_V06,23.799,0.186,53.805,43.912,30.138,-77.238,44.898,15069.120,177618.037,20200404_070149
3,KTYX20200408_101543_V06,-15.265,0.059,379.389,269.698,37.566,-75.186,43.891,18782.894,42487.890,20200408_061543
1,KTYX20200410_100926_V06,-18.079,0.130,27.779,328.518,38.406,-77.366,43.615,19203.037,136855.250,20200410_060926
1,KTYX20200410_101449_V06,-12.696,0.238,29.363,326.060,47.447,-77.357,43.626,23723.329,135944.592,20200410_061449
1,KTYX20200410_102012_V06,-7.312,0.543,34.498,324.946,52.501,-77.325,43.632,26250.682,133335.883,20200410_062012
6,KTYX20200410_112918_V06,61.788,0.079,33.861,370.447,29.383,-77.323,43.427,14691.596,137652.358,20200410_072918
2,KTYX20200413_113555_V06,73.536,0.078,337.317,304.813,16.609,-75.448,43.734,8304.665,18813.125,20200413_073555
2,KTYX20200413_114105_V06,78.703,0.150,340.819,301.309,22.365,-75.427,43.750,11182.722,20420.007,20200413_074105
3,KTYX20200413_114105_V06,78.703,0.083,194.603,47.483,35.223,-76.347,44.890,17611.490,136815.006,20200413_074105
8,KTYX20200414_110323_V06,42.692,0.244,353.336,297.026,17.606,-75.349,43.769,8803.127,26709.473,20200414_070323
8,KTYX20200414_110802_V06,47.342,0.082,355.335,296.883,24.016,-75.336,43.769,12008.194,27711.478,20200414_070802
2,KTYX20200414_100311_V06,-17.508,0.051,177.002,287.601,17.453,-76.444,43.809,8726.297,61810.838,20200414_060311
11,KTYX20200414_110802_V06,47.342,0.072,298.793,366.584,29.316,-75.687,43.456,14658.142,33297.462,20200414_070802
1,KTYX20200423_105221_V06,46.268,0.342,21.526,483.420,26.857,-77.385,42.918,13428.589,166726.373,20200423_065221
2,KTYX20200426_101243_V06,11.227,0.308,535.629,93.423,13.011,-74.194,44.676,6505.272,156680.456,20200426_061243
1,KTYX20200428_101827_V06,19.932,0.257,345.103,84.438,16.042,-75.395,44.725,8020.947,110115.088,20200428_061827
1,KTYX20200428_102515_V06,26.732,0.216,346.537,83.524,22.872,-75.386,44.730,11436.109,110710.820,20200428_062515
2,KTYX20200428_110702_V06,68.515,0.052,18.124,172.987,31.414,-77.447,44.314,15707.121,154585.444,20200428_070702
1,KTYX20200429_102013_V06,23.156,0.098,138.615,279.389,89.764,-76.683,43.844,44881.874,81347.745,20200429_062013
1,KTYX20200429_102701_V06,29.956,0.153,140.628,278.162,94.420,-76.671,43.850,47210.058,80430.816,20200429_062701
2,KTYX20200504_095441_V06,4.600,0.050,43.266,385.760,46.828,-77.264,43.359,23414.085,135339.386,20200504_055441
2,KTYX20200504_100415_V06,14.167,0.054,45.939,383.099,58.459,-77.247,43.371,29229.415,133652.998,20200504_060415
4,KTYX20200504_100855_V06,18.834,0.090,27.343,191.796,48.991,-77.386,44.230,24495.487,146671.171,20200504_060855
4,KTYX20200504_101349_V06,23.734,0.086,28.150,189.646,54.708,-77.382,44.240,27354.087,146697.300,20200504_061349
9,KTYX20200504_103324_V06,43.317,0.053,21.059,222.823,22.371,-77.422,44.090,11185.426,144710.171,20200504_063324
9,KTYX20200504_103832_V06,48.450,-1.000,21.059,222.823,30.533,-77.422,44.090,15266.426,144710.171,20200504_063832
9,KTYX20200504_104341_V06,53.600,0.070,37.996,187.183,50.764,-77.320,44.252,25381.958,142630.379,20200504_064341
2,KTYX20200507_101414_V06,28.069,0.061,368.966,71.578,36.588,-75.244,44.783,18293.903,119303.208,20200507_061414
1,KTYX20200514_094846_V06,10.854,0.055,123.719,266.182,114.963,-76.777,43.903,57481.285,89747.624,20200514_054846
8,KTYX20200515_095344_V06,16.889,0.057,192.966,349.724,18.252,-76.342,43.530,9125.948,59010.243,20200515_055344
1,KTYX20200521_095001_V06,18.950,0.080,250.881,402.076,27.574,-75.983,43.296,13786.827,56639.414,20200521_055001
1,KTYX20200521_100408_V06,33.067,0.674,244.143,385.761,30.162,-76.025,43.369,15080.925,51173.847,20200521_060408
1,KTYX20200523_090607_V06,-23.276,0.056,179.212,212.021,9.948,-76.435,44.149,4973.801,74716.104,20200523_050607
1,KTYX20200525_090352_V06,-23.984,0.318,134.744,394.994,4.413,-76.699,43.324,2206.610,95306.824,20200525_050352
1,KTYX20200525_090920_V06,-18.518,0.060,136.455,394.912,11.652,-76.688,43.324,5826.177,94545.360,20200525_050920
2,KTYX20200525_090352_V06,-23.984,0.244,158.346,381.394,10.958,-76.554,43.386,5479.202,81686.660,20200525_050352
6,KTYX20200525_093112_V06,3.349,0.073,161.760,383.383,22.031,-76.533,43.377,11015.438,80720.489,20200525_053112
1,KTYX20200526_091231_V06,-14.614,0.079,27.448,164.270,47.986,-77.389,44.354,23992.950,152239.604,20200526_051231
1,KTYX20200529_103007_V06,64.942,0.051,21.234,447.351,26.844,-77.392,43.080,13422.184,157656.714,20200529_063007
1,KTYX20200529_103425_V06,69.242,0.197,21.343,445.309,31.932,-77.391,43.089,15965.936,157134.187,20200529_063425
1,KTYX20200529_103843_V06,73.542,0.225,26.639,438.936,33.725,-77.360,43.118,16862.287,153321.249,20200529_063843
4,KTYX20200602_091220_V06,-10.725,0.061,18.723,282.754,25.446,-77.428,43.820,12722.766,140902.588,20200602_051220
4,KTYX20200602_091715_V06,-5.809,0.054,21.062,283.092,33.104,-77.414,43.819,16551.851,139724.749,20200602_051715
5,KTYX20200602_091220_V06,-10.725,0.050,416.696,198.167,42.943,-74.950,44.212,21471.397,77440.310,20200602_051220
5,KTYX20200602_091715_V06,-5.809,0.255,417.287,197.429,49.819,-74.946,44.215,24909.454,77905.545,20200602_051715
5,KTYX20200602_092211_V06,-0.875,0.198,432.157,211.684,40.876,-74.854,44.150,20437.923,79475.317,20200602_052211
5,KTYX20200602_092915_V06,6.191,0.065,436.620,213.869,47.809,-74.826,44.140,23904.512,80752.130,20200602_052915
5,KTYX20200602_093423_V06,11.325,-1.000,439.514,215.286,53.181,-74.808,44.134,26590.325,81609.899,20200602_053423
5,KTYX20200602_093901_V06,15.958,0.118,457.111,173.592,22.473,-74.695,44.320,11236.679,100825.338,20200602_053901
5,KTYX20200602_094323_V06,20.325,0.084,458.481,175.310,28.212,-74.687,44.313,14105.832,100826.542,20200602_054323
5,KTYX20200602_094803_V06,24.991,-1.000,459.595,176.706,34.652,-74.680,44.306,17326.180,100836.340,20200602_054803
5,KTYX20200602_095243_V06,29.658,0.078,476.835,191.938,21.173,-74.573,44.237,10586.700,103619.414,20200602_055243
1,KTYX20200602_090711_V06,-15.875,0.419,470.673,288.639,8.460,-74.620,43.802,4230.213,85525.151,20200602_050711
1,KTYX20200602_091220_V06,-10.725,-1.000,470.673,288.639,16.649,-74.620,43.802,8324.463,85525.151,20200602_051220
1,KTYX20200602_091715_V06,-5.809,-1.000,470.673,288.639,24.466,-74.620,43.802,12233.213,85525.151,20200602_051715
1,KTYX20200602_092211_V06,-0.875,-1.000,470.673,288.639,32.310,-74.620,43.802,16155.213,85525.151,20200602_052211
1,KTYX20200602_092915_V06,6.191,0.077,466.850,296.434,42.573,-74.644,43.767,21286.487,83443.912,20200602_052915
7,KTYX20200602_092211_V06,-0.875,0.064,468.839,285.745,44.298,-74.631,43.815,22148.762,84719.750,20200602_052211
18,KTYX20200602_095243_V06,29.658,0.071,261.404,161.819,27.634,-75.922,44.377,13816.849,71735.161,20200602_055243
19,KTYX20200602_095243_V06,29.658,0.067,316.220,410.863,31.970,-75.580,43.257,15984.764,56021.406,20200602_055243
20,KTYX20200602_100217_V06,39.225,0.054,213.379,174.934,23.974,-76.223,44.317,11987.177,76066.903,20200602_060217
21,KTYX20200602_101137_V06,48.558,0.101,29.441,102.713,52.795,-77.385,44.631,26397.644,167424.881,20200602_061137
22,KTYX20200602_101137_V06,48.558,0.090,323.238,337.460,25.044,-75.536,43.587,12521.889,22041.301,20200602_061137
12,KTYX20200604_102717_V06,65.067,0.359,91.944,111.373,35.935,-76.990,44.597,17967.598,140416.517,20200604_062717
2,KTYX20200605_090432_V06,-17.316,0.082,310.311,290.998,8.474,-75.616,43.796,4237.152,6843.705,20200605_050432
4,KTYX20200605_091726_V06,-4.416,0.088,308.750,290.611,5.499,-75.626,43.798,2749.454,6416.988,20200605_051726
9,KTYX20200606_100701_V06,45.497,0.134,305.605,289.150,21.755,-75.645,43.805,10877.644,6106.218,20200606_060701
9,KTYX20200606_101214_V06,50.713,0.207,310.254,288.591,27.539,-75.616,43.807,13769.480,7669.620,20200606_061214
3,KTYX20200606_092858_V06,7.447,0.118,30.717,443.533,25.684,-77.334,43.098,12842.198,152573.791,20200606_052858
4,KTYX20200606_092858_V06,7.447,0.087,223.636,253.847,19.492,-76.156,43.963,9746.141,44613.866,20200606_052858
4,KTYX20200606_093345_V06,12.230,-1.000,223.636,253.847,27.098,-76.156,43.963,13548.891,44613.866,20200606_053345
4,KTYX20200606_093819_V06,16.797,0.076,245.169,251.027,27.653,-76.022,43.976,13826.666,36758.587,20200606_053819
8,KTYX20200606_100239_V06,41.130,0.060,324.425,311.027,21.229,-75.528,43.706,10614.578,13399.330,20200606_060239
18,KTYX20200609_093447_V06,14.031,0.265,441.254,31.778,33.083,-74.785,44.959,16541.405,151571.541,20200609_053447
18,KTYX20200609_093906_V06,18.347,0.076,442.569,32.670,39.928,-74.777,44.955,19963.812,151485.142,20200609_053906
18,KTYX20200609_094325_V06,22.664,0.176,453.499,39.525,42.683,-74.708,44.924,21341.429,151169.652,20200609_054325
6,KTYX20200609_090856_V06,-11.819,0.152,273.807,17.702,18.745,-75.846,45.026,9372.673,141755.307,20200609_050856
6,KTYX20200609_091316_V06,-7.486,0.088,276.496,19.638,24.138,-75.829,45.017,12069.237,140672.652,20200609_051316
12,KTYX20200609_093029_V06,9.731,0.204,302.243,14.119,16.533,-75.666,45.042,8266.636,142944.770,20200609_053029
12,KTYX20200609_093447_V06,14.031,0.264,304.010,15.351,22.204,-75.655,45.037,11101.973,142338.414,20200609_053447
13,KTYX20200609_093029_V06,9.731,0.184,344.913,332.779,6.380,-75.402,43.608,3190.098,27801.024,20200609_053029
13,KTYX20200609_093447_V06,14.031,0.132,345.944,334.147,12.538,-75.395,43.602,6268.780,28621.922,20200609_053447
4,KTYX20200609_090438_V06,-16.119,0.285,336.274,44.239,36.968,-75.450,44.906,18483.849,129160.273,20200609_050438
39,KTYX20200609_104605_V06,85.331,0.739,295.179,69.778,16.766,-75.710,44.792,8383.141,115136.141,20200609_064605
12,KTYX20200611_104154_V06,81.473,0.110,24.534,422.713,35.773,-77.374,43.191,17886.669,150781.139,20200611_064154
1,KTYX20200612_100443_V06,44.397,0.137,51.486,241.833,35.569,-77.229,44.007,17784.561,127615.417,20200612_060443
1,KTYX20200613_091911_V06,-1.066,0.070,298.515,283.933,13.436,-75.689,43.828,6717.854,8067.716,20200613_051911
1,KTYX20200614_085227_V06,-27.766,0.056,304.661,289.447,9.200,-75.651,43.803,4599.831,5768.299,20200614_045227
1,KTYX20200615_094305_V06,22.863,0.104,345.888,309.576,11.001,-75.395,43.712,5500.290,23438.214,20200615_054305
1,KTYX20200615_095009_V06,29.930,0.783,346.260,308.773,18.099,-75.393,43.716,9049.472,23542.302,20200615_055009
1,KTYX20200615_100354_V06,43.680,0.651,343.589,306.602,31.547,-75.410,43.726,15773.489,22042.957,20200615_060354
1,KTYX20200615_101053_V06,50.663,0.066,341.801,308.200,39.917,-75.421,43.719,19958.704,21299.063,20200615_061053
1,KTYX20200616_092452_V06,4.607,0.179,351.959,305.527,14.777,-75.358,43.731,7388.657,26125.846,20200616_052452
1,KTYX20200616_093345_V06,13.490,0.177,352.128,305.804,25.757,-75.357,43.729,12878.518,26224.937,20200616_053345
2,KTYX20200616_094050_V06,20.573,0.087,375.497,446.012,8.495,-75.216,43.098,4247.580,82187.853,20200616_054050
2,KTYX20200616_094747_V06,27.523,0.112,376.730,444.705,16.447,-75.209,43.104,8223.510,81894.622,20200616_054747
1,KTYX20200617_092305_V06,2.747,0.387,351.221,305.753,15.125,-75.362,43.729,7562.668,25771.679,20200617_052305
1,KTYX20200627_102351_V06,60.835,0.072,149.702,93.144,62.875,-76.628,44.683,31437.447,127846.626,20200627_062351
1,KTYX20200627_102809_V06,65.135,0.050,150.576,93.030,68.627,-76.622,44.683,34313.519,127636.102,20200627_062809
1,KTYX20200629_091240_V06,-11.274,0.184,262.199,130.205,18.134,-75.918,44.520,9067.226,86975.760,20200629_051240
7,KTYX20200702_094541_V06,20.132,0.099,49.025,353.116,32.775,-77.232,43.506,16387.445,128267.310,20200702_054541
7,KTYX20200702_095020_V06,24.782,0.155,48.572,355.659,38.355,-77.234,43.495,19177.357,128757.623,20200702_055020
7,KTYX20200702_095458_V06,29.416,-1.000,48.218,357.642,44.307,-77.236,43.486,22153.541,129147.728,20200702_055458
7,KTYX20200702_100416_V06,38.716,0.232,47.745,338.525,63.549,-77.241,43.572,31774.706,127589.937,20200702_060416
9,KTYX20200702_102252_V06,57.316,0.068,60.504,324.534,35.687,-77.164,43.636,17843.681,120374.610,20200702_062252
9,KTYX20200702_102732_V06,61.982,0.103,61.422,325.105,41.768,-77.158,43.633,20884.200,119947.839,20200702_062732
2,KTYX20200703_091737_V06,-8.528,0.106,28.372,338.272,30.249,-77.361,43.571,15124.287,137155.565,20200703_051737
2,KTYX20200703_092216_V06,-3.878,0.092,28.562,339.498,35.928,-77.360,43.566,17964.070,137148.461,20200703_052216
8,KTYX20200703_101801_V06,51.872,0.121,22.813,356.420,27.193,-77.393,43.489,13596.419,141435.583,20200703_061801
3,KTYX20200705_092154_V06,-5.512,0.343,27.607,36.143,28.816,-77.405,44.930,14408.075,189617.203,20200705_052154
3,KTYX20200705_092612_V06,-1.212,0.599,28.745,37.411,34.704,-77.398,44.925,17351.876,188767.206,20200705_052612
3,KTYX20200705_093031_V06,3.105,0.321,33.023,45.016,37.489,-77.370,44.891,18744.619,184589.779,20200705_053031
12,KTYX20200705_100616_V06,38.855,0.127,46.401,134.319,55.218,-77.274,44.490,27608.879,151461.529,20200705_060616
12,KTYX20200705_101049_V06,43.405,0.405,43.597,136.252,59.133,-77.292,44.481,29566.616,152114.837,20200705_061049
12,KTYX20200705_101522_V06,47.955,0.565,32.467,152.896,49.101,-77.359,44.406,24550.327,152654.317,20200705_061522
12,KTYX20200705_101954_V06,52.488,0.353,33.588,155.463,54.437,-77.352,44.394,27218.626,151547.371,20200705_061954
2,KTYX20200705_090014_V06,-27.178,0.055,166.488,111.160,11.510,-76.521,44.603,5754.904,115635.518,20200705_050014
7,KTYX20200705_095227_V06,25.038,0.147,198.029,60.344,22.208,-76.325,44.832,11104.122,130223.767,20200705_055227
9,KTYX20200705_095227_V06,25.038,0.056,280.095,60.741,30.231,-75.806,44.832,15115.448,120042.985,20200705_055227
19,KTYX20200705_101954_V06,52.488,0.071,349.833,51.338,41.995,-75.365,44.874,20997.513,126803.266,20200705_061954
8,KTYX20200708_103037_V06,61.112,0.055,317.344,226.495,16.635,-75.572,44.087,8317.581,37761.900,20200708_063037
9,KTYX20200708_105033_V06,81.046,0.050,315.258,290.583,12.431,-75.585,43.798,6215.691,8964.854,20200708_065033
1,KTYX20200709_095104_V06,20.816,0.079,205.678,519.497,5.036,-76.256,42.767,2518.042,119452.401,20200709_055104
10,KTYX20200712_102516_V06,52.644,0.057,332.269,177.033,31.016,-75.478,44.309,15507.824,63565.097,20200712_062516
10,KTYX20200712_102935_V06,56.960,0.323,333.301,177.530,36.477,-75.471,44.307,18238.346,63458.407,20200712_062935
1,KTYX20200714_092533_V06,-8.760,0.463,256.013,229.544,6.812,-75.955,44.073,3406.082,41529.967,20200714_052533
1,KTYX20200714_092956_V06,-4.376,0.883,256.313,229.924,10.922,-75.953,44.071,5461.040,41289.090,20200714_052956
1,KTYX20200714_093422_V06,0.057,0.837,256.947,232.414,15.025,-75.949,44.060,7512.458,40067.044,20200714_053422
1,KTYX20200714_093845_V06,4.440,0.765,256.352,234.956,18.381,-75.952,44.048,9190.323,39166.046,20200714_053845
1,KTYX20200714_094312_V06,8.890,0.757,256.056,235.680,24.353,-75.954,44.045,12176.285,38949.060,20200714_054312
1,KTYX20200714_094735_V06,13.274,0.784,258.794,236.016,28.536,-75.937,44.043,14267.818,38052.329,20200714_054735
1,KTYX20200714_095203_V06,17.740,0.743,259.586,235.668,30.369,-75.932,44.045,15184.594,37986.253,20200714_055203
1,KTYX20200714_100056_V06,26.624,0.292,262.127,235.327,33.573,-75.916,44.047,16786.578,37473.046,20200714_060056
1,KTYX20200714_100524_V06,31.090,0.066,265.072,232.670,34.209,-75.898,44.059,17104.390,37925.387,20200714_060524
1,KTYX20200715_093916_V06,4.085,0.068,248.141,232.906,22.235,-76.004,44.057,11117.737,42399.741,20200715_053916
1,KTYX20200720_091612_V06,-23.603,0.068,31.995,462.223,39.895,-77.324,43.014,19947.393,156638.812,20200720_051612
1,KTYX20200720_092031_V06,-19.286,0.061,31.937,462.368,45.343,-77.324,43.013,22671.274,156701.383,20200720_052031
1,KTYX20200720_092453_V06,-14.919,0.131,31.774,461.858,44.725,-77.325,43.015,22362.439,156638.985,20200720_052453
1,KTYX20200720_092916_V06,-10.536,-1.000,31.639,461.494,45.654,-77.326,43.017,22826.817,156602.986,20200720_052916
1,KTYX20200720_093334_V06,-6.236,0.182,28.295,460.222,37.492,-77.347,43.023,18745.937,157714.061,20200720_053334
1,KTYX20200720_093757_V06,-1.853,0.096,29.163,461.322,43.658,-77.341,43.018,21829.153,157620.991,20200720_053757
2,KTYX20200721_093849_V06,-1.956,0.720,252.452,230.075,13.268,-75.977,44.070,6634.085,42279.869,20200721_053849
2,KTYX20200721_094553_V06,5.111,0.741,254.002,234.468,24.784,-75.967,44.050,12391.842,40032.189,20200721_054553
1,KTYX20200721_091739_V06,-23.123,0.070,436.517,355.484,2.060,-74.836,43.503,1030.222,73680.460,20200721_051739
3,KTYX20200722_093731_V06,-4.239,0.149,257.341,221.684,2.803,-75.946,44.108,1401.655,44590.306,20200722_053731
3,KTYX20200722_094158_V06,0.211,0.191,257.029,221.729,9.212,-75.948,44.108,4606.024,44645.708,20200722_054158
3,KTYX20200722_094624_V06,4.644,0.080,257.720,224.223,14.501,-75.944,44.097,7250.637,43387.300,20200722_054624
1,KTYX20200722_092826_V06,-13.323,0.306,329.456,123.316,4.912,-75.495,44.551,2455.952,89561.298,20200722_052826
1,KTYX20200722_093259_V06,-8.773,0.093,329.495,123.405,11.215,-75.494,44.550,5607.258,89520.832,20200722_053259
1,KTYX20200722_093731_V06,-4.239,0.114,331.053,125.262,9.402,-75.485,44.542,4701.233,88737.666,20200722_053731
1,KTYX20200722_094158_V06,0.211,0.136,331.103,125.313,15.955,-75.484,44.542,7977.302,88716.987,20200722_054158
6,KTYX20200722_094158_V06,0.211,0.053,29.977,422.790,52.926,-77.341,43.191,26462.902,148315.551,20200722_054158
7,KTYX20200722_102600_V06,44.244,0.085,11.863,401.424,19.661,-77.455,43.286,9830.531,152733.508,20200722_062600
1,KTYX20200724_093529_V06,-8.276,0.383,248.366,229.694,10.211,-76.002,44.072,5105.728,43614.611,20200724_053529
1,KTYX20200724_094233_V06,-1.209,0.592,248.423,229.673,17.353,-76.002,44.072,8676.421,43606.242,20200724_054233
1,KTYX20200724_094938_V06,5.874,0.178,247.252,230.092,19.233,-76.009,44.070,9616.381,43787.727,20200724_054938
1,KTYX20200724_100345_V06,19.991,0.150,248.347,230.021,19.272,-76.002,44.070,9635.948,43488.729,20200724_060345
1,KTYX20200725_094252_V06,-1.911,0.153,118.673,471.950,12.132,-76.791,42.977,6066.240,124946.333,20200725_054252
1,KTYX20200725_094955_V06,5.139,0.590,120.747,471.257,19.671,-76.779,42.980,9835.315,123956.205,20200725_054955
1,KTYX20200725_100403_V06,19.272,0.483,125.643,472.898,30.104,-76.749,42.973,15052.166,122774.058,20200725_060403
1,KTYX20200726_100444_V06,18.927,0.708,323.939,131.002,9.725,-75.529,44.516,4862.484,85342.617,20200726_060444
1,KTYX20200726_101149_V06,26.010,0.287,326.646,129.223,15.974,-75.512,44.524,7987.207,86421.593,20200726_061149
3,KTYX20200726_103301_V06,47.210,0.090,28.580,267.376,21.595,-77.369,43.890,10797.465,136686.608,20200726_063301
4,KTYX20200726_104004_V06,54.260,0.071,98.123,293.133,22.975,-76.934,43.780,11487.395,100996.952,20200726_064004
1,KTYX20200727_094036_V06,-6.245,0.147,164.809,478.613,25.920,-76.508,42.949,12959.756,112003.839,20200727_054036
4,KTYX20200728_100408_V06,16.241,0.140,39.103,416.302,65.491,-77.286,43.221,32745.472,142822.645,20200728_060408
1,KTYX20200729_092619_V06,-22.630,0.165,24.406,51.657,35.071,-77.423,44.860,17535.299,185490.187,20200729_052619
1,KTYX20200729_093052_V06,-18.080,0.064,25.640,51.462,41.884,-77.416,44.861,20941.778,185097.651,20200729_053052
1,KTYX20200729_093519_V06,-13.630,0.228,33.721,55.783,47.174,-77.364,44.842,23586.834,180655.939,20200729_053519
1,KTYX20200729_093946_V06,-9.180,0.217,45.452,59.773,50.915,-77.289,44.826,25457.259,175002.538,20200729_053946
1,KTYX20200729_094414_V06,-4.714,0.161,54.899,62.218,54.462,-77.229,44.815,27231.125,170744.634,20200729_054414
1,KTYX20200729_094837_V06,-0.330,0.087,61.910,59.576,58.771,-77.185,44.828,29385.623,169182.257,20200729_054837
1,KTYX20200730_110213_V06,72.207,0.309,29.437,423.366,46.737,-77.344,43.188,23368.370,148680.269,20200730_070213
1,KTYX20200730_111054_V06,80.890,0.107,31.125,421.045,57.817,-77.334,43.199,28908.600,147432.806,20200730_071054
2,KTYX20200730_111054_V06,80.890,0.099,26.027,362.345,22.528,-77.373,43.463,11263.985,140488.464,20200730_071054
1,KTYX20200731_100505_V06,14.003,0.126,116.566,471.384,31.615,-76.804,42.979,15807.319,125519.422,20200731_060505
5,KTYX20200801_101027_V06,18.293,0.656,114.522,473.619,27.038,-76.817,42.969,13519.038,127029.172,20200801_061027
5,KTYX20200801_101909_V06,26.993,0.819,115.084,473.720,34.035,-76.813,42.968,17017.282,126858.453,20200801_061909
5,KTYX20200801_102753_V06,35.727,0.817,110.982,474.752,41.641,-76.838,42.963,20820.555,128711.129,20200801_062753
5,KTYX20200801_103635_V06,44.427,0.188,113.503,472.997,45.697,-76.823,42.972,22848.748,127189.705,20200801_063635
1,KTYX20200801_093634_V06,-15.590,0.153,292.429,151.514,2.225,-75.728,44.424,1112.293,74339.360,20200801_053634
4,KTYX20200801_100205_V06,9.927,0.639,119.208,467.467,31.262,-76.789,42.997,15631.213,123218.176,20200801_060205
2,KTYX20200803_100345_V06,9.422,0.071,323.217,176.844,34.379,-75.535,44.310,17189.301,62662.488,20200803_060345
2,KTYX20200805_094509_V06,-11.369,0.286,143.415,468.754,11.721,-76.640,42.992,5860.305,115105.275,20200805_054509
2,KTYX20200805_095135_V06,-4.936,0.284,145.529,466.977,20.313,-76.627,43.000,10156.350,113734.933,20200805_055135
2,KTYX20200805_100022_V06,3.847,0.131,153.185,458.277,24.588,-76.581,43.040,12294.212,107942.387,20200805_060022
2,KTYX20200805_100440_V06,8.147,0.222,157.802,453.441,30.341,-76.553,43.062,15170.539,104599.625,20200805_060440
2,KTYX20200805_100858_V06,12.447,0.127,161.150,450.433,33.956,-76.532,43.076,16977.987,102358.915,20200805_060858
1,KTYX20200806_094918_V06,-8.322,0.543,138.232,474.519,17.794,-76.671,42.966,8897.046,118980.910,20200806_054918
1,KTYX20200806_100526_V06,7.811,0.251,144.058,470.754,35.971,-76.636,42.983,17985.695,115623.355,20200806_060526
1,KTYX20200806_101231_V06,14.895,0.200,148.277,465.109,42.216,-76.610,43.009,21107.914,112116.936,20200806_061231
3,KTYX20200807_100451_V06,6.121,0.141,247.877,278.534,11.600,-76.004,43.852,5800.198,28185.122,20200807_060451
3,KTYX20200807_100913_V06,10.488,0.083,247.448,277.789,17.934,-76.007,43.855,8966.772,28526.660,20200807_060913
2,KTYX20200807_100028_V06,1.738,0.069,248.215,282.498,13.369,-76.002,43.834,6684.702,27331.208,20200807_060028
3,KTYX20200808_100059_V06,1.144,0.592,125.768,469.883,27.029,-76.748,42.986,13514.408,121672.552,20200808_060059
3,KTYX20200808_100538_V06,5.794,0.610,126.674,470.331,33.385,-76.743,42.984,16692.743,121505.811,20200808_060538
3,KTYX20200808_101016_V06,10.427,0.355,126.563,468.505,37.939,-76.743,42.992,18969.251,120907.355,20200808_061016
3,KTYX20200808_101455_V06,15.077,0.240,126.717,466.186,41.914,-76.743,43.003,20957.216,120046.643,20200808_061455
3,KTYX20200808_101935_V06,19.744,0.212,126.724,463.054,45.402,-76.743,43.017,22701.023,118965.364,20200808_061935
3,KTYX20200808_102622_V06,26.527,0.105,118.644,453.992,47.236,-76.793,43.057,23617.986,118957.617,20200808_062622
1,KTYX20200808_094242_V06,-17.139,0.424,339.753,132.755,4.969,-75.430,44.508,2484.737,85952.192,20200808_054242
1,KTYX20200808_094720_V06,-12.506,0.488,339.663,133.118,10.534,-75.431,44.507,5266.960,85765.215,20200808_054720
1,KTYX20200808_095153_V06,-7.956,0.509,339.944,134.767,12.587,-75.429,44.499,6293.602,84996.350,20200808_055153
1,KTYX20200808_100059_V06,1.144,0.396,342.156,135.674,19.957,-75.415,44.495,9978.674,84823.567,20200808_060059
1,KTYX20200808_100538_V06,5.794,0.057,344.726,136.925,26.919,-75.399,44.489,13459.735,84548.448,20200808_060538
4,KTYX20200808_100059_V06,1.144,0.441,246.086,283.029,12.649,-76.015,43.832,6324.677,28261.072,20200808_060059
4,KTYX20200808_100538_V06,5.794,0.358,245.797,284.012,19.114,-76.017,43.827,9556.883,28255.799,20200808_060538
4,KTYX20200808_101016_V06,10.427,0.276,246.079,286.148,22.789,-76.015,43.818,11394.294,27836.014,20200808_061016
2,KTYX20200808_095153_V06,-7.956,0.561,240.305,416.774,8.358,-76.047,43.230,4179.012,65573.891,20200808_055153
4,KTYX20200809_095107_V06,-9.837,0.080,138.239,467.731,18.794,-76.672,42.997,9397.036,116511.992,20200809_055107
4,KTYX20200809_100025_V06,-0.537,0.597,140.255,464.021,29.382,-76.660,43.013,14690.869,114478.626,20200809_060025
4,KTYX20200809_100504_V06,4.113,0.484,144.061,461.438,32.513,-76.637,43.025,16256.515,112226.352,20200809_060504
4,KTYX20200809_100943_V06,8.763,0.487,147.168,456.240,39.138,-76.618,43.049,19568.926,109280.057,20200809_060943
4,KTYX20200809_101423_V06,13.430,0.287,141.043,452.770,41.255,-76.656,43.064,20627.506,110233.956,20200809_061423
1,KTYX20200809_093230_V06,-28.453,0.056,296.217,379.574,2.207,-75.703,43.398,1103.634,39831.779,20200809_053230
2,KTYX20200809_094627_V06,-14.503,0.122,46.865,115.404,17.229,-77.274,44.575,8614.279,156647.000,20200809_054627
8,KTYX20200809_102322_V06,22.413,0.051,387.354,324.653,35.231,-75.139,43.644,17615.383,45383.002,20200809_062322
12,KTYX20200809_112520_V06,84.380,0.058,22.671,303.025,14.944,-77.401,43.729,7472.029,138672.980,20200809_072520
2,KTYX20200810_093438_V06,-27.437,0.282,458.407,342.901,9.459,-74.700,43.559,4729.641,82056.562,20200810_053438
1,KTYX20200811_101038_V06,7.443,0.469,140.445,450.011,25.407,-76.660,43.076,12703.558,109500.021,20200811_061038
1,KTYX20200811_101741_V06,14.493,0.611,144.602,447.975,36.052,-76.634,43.086,18025.876,107290.625,20200811_061741
2,KTYX20200812_094854_V06,-15.412,0.320,129.555,474.470,9.090,-76.725,42.966,4545.022,121954.168,20200812_054854
2,KTYX20200812_095334_V06,-10.745,0.228,129.131,474.200,15.627,-76.727,42.967,7813.333,122006.025,20200812_055334
2,KTYX20200812_100253_V06,-1.429,0.770,135.783,474.347,22.222,-76.686,42.967,11111.191,119753.913,20200812_060253
2,KTYX20200812_100732_V06,3.221,0.748,134.137,472.628,25.070,-76.697,42.974,12535.126,119698.666,20200812_060732
2,KTYX20200812_101211_V06,7.871,0.567,134.685,475.936,29.610,-76.693,42.960,14805.234,120708.806,20200812_061211
2,KTYX20200812_101650_V06,12.521,0.434,137.646,478.844,37.311,-76.675,42.947,18655.554,120772.753,20200812_061650
2,KTYX20200812_102129_V06,17.171,0.546,138.520,477.476,41.614,-76.669,42.953,20806.893,119972.205,20200812_062129
2,KTYX20200812_102608_V06,21.821,0.300,139.526,473.514,46.194,-76.664,42.971,23097.210,118172.481,20200812_062608
5,KTYX20200812_101211_V06,7.871,0.072,251.478,288.571,28.579,-75.982,43.807,14289.389,24924.716,20200812_061211
5,KTYX20200812_101650_V06,12.521,0.181,252.534,290.355,34.183,-75.975,43.799,17091.509,24217.989,20200812_061650
3,KTYX20200812_100253_V06,-1.429,0.089,157.933,519.188,6.564,-76.548,42.766,3282.148,130600.716,20200812_060253
8,KTYX20200812_103047_V06,26.471,0.292,287.546,473.038,7.835,-75.756,42.977,3917.491,86742.703,20200812_063047
14,KTYX20200812_110940_V06,65.355,0.068,141.102,517.278,9.110,-76.651,42.774,4554.882,134590.313,20200812_070940
1,KTYX20200813_101334_V06,8.131,0.439,115.909,469.504,29.042,-76.809,42.987,14520.821,125120.888,20200813_061334
1,KTYX20200813_102037_V06,15.181,0.350,115.553,468.473,37.896,-76.811,42.992,18947.984,124903.752,20200813_062037
1,KTYX20200813_102742_V06,22.264,0.186,114.889,462.429,45.214,-76.815,43.019,22606.904,123135.501,20200813_062742
1,KTYX20200813_103445_V06,29.314,0.238,110.362,460.158,49.970,-76.843,43.029,24985.160,124110.282,20200813_063445
1,KTYX20200813_104148_V06,36.364,0.097,105.531,461.676,51.176,-76.873,43.022,25588.111,126448.795,20200813_064148
2,KTYX20200813_112621_V06,80.914,0.129,151.679,526.185,10.694,-76.586,42.734,5347.180,135239.404,20200813_072621
2,KTYX20200813_113324_V06,87.964,0.232,151.381,525.048,18.946,-76.587,42.739,9473.229,134846.365,20200813_073324
1,KTYX20200814_095244_V06,-13.829,0.512,333.278,134.108,6.233,-75.471,44.502,3116.688,84598.582,20200814_055244
1,KTYX20200814_100651_V06,0.288,0.079,331.959,135.012,13.185,-75.479,44.498,6592.473,84027.257,20200814_060651
1,KTYX20200814_101353_V06,7.321,0.774,331.850,143.812,19.787,-75.480,44.458,9893.578,79700.923,20200814_061353
1,KTYX20200814_102057_V06,14.388,0.869,331.438,146.935,23.975,-75.483,44.444,11987.444,78130.071,20200814_062057
1,KTYX20200814_102801_V06,21.455,0.699,329.928,150.757,28.390,-75.492,44.427,14194.849,76107.140,20200814_062801
1,KTYX20200814_103504_V06,28.505,0.435,329.777,157.326,37.395,-75.493,44.398,18697.643,72874.182,20200814_063504
1,KTYX20200814_104208_V06,35.571,0.455,326.393,160.990,43.290,-75.514,44.381,21645.154,70746.478,20200814_064208
1,KTYX20200814_104910_V06,42.605,0.063,320.889,159.592,52.366,-75.549,44.388,26182.856,70976.775,20200814_064910
2,KTYX20200814_095244_V06,-13.829,0.288,120.804,473.690,14.742,-76.778,42.969,7370.988,124779.249,20200814_055244
2,KTYX20200814_100651_V06,0.288,0.836,119.022,477.004,30.598,-76.789,42.954,15298.983,126573.823,20200814_060651
2,KTYX20200814_101353_V06,7.321,0.724,117.595,476.564,37.390,-76.798,42.956,18695.188,126931.275,20200814_061353
2,KTYX20200814_102057_V06,14.388,0.497,118.837,472.103,41.092,-76.790,42.976,20545.993,124939.286,20200814_062057
2,KTYX20200814_102801_V06,21.455,0.176,115.917,468.226,48.178,-76.809,42.993,24088.823,124686.050,20200814_062801
2,KTYX20200814_103504_V06,28.505,0.090,113.147,467.727,53.945,-76.826,42.995,26972.477,125545.134,20200814_063504
8,KTYX20200814_101353_V06,7.321,0.420,158.308,517.091,11.823,-76.546,42.775,5911.293,129619.425,20200814_061353
8,KTYX20200814_102057_V06,14.388,0.190,156.770,515.714,22.054,-76.555,42.782,11026.853,129467.361,20200814_062057
8,KTYX20200814_102801_V06,21.455,0.556,154.543,514.772,27.743,-76.569,42.786,13871.602,129696.657,20200814_062801
8,KTYX20200814_103504_V06,28.505,0.503,155.031,517.618,29.297,-76.566,42.773,14648.402,130741.786,20200814_063504
8,KTYX20200814_104208_V06,35.571,0.409,153.315,518.316,34.128,-76.576,42.770,17063.812,131508.902,20200814_064208
8,KTYX20200814_104910_V06,42.605,0.131,153.039,519.859,37.833,-76.578,42.763,18916.717,132226.711,20200814_064910
11,KTYX20200814_102801_V06,21.455,0.233,52.753,520.223,22.973,-77.190,42.755,11486.425,165551.729,20200814_062801
11,KTYX20200814_103504_V06,28.505,0.073,52.032,520.264,31.539,-77.194,42.754,15769.553,165834.649,20200814_063504
11,KTYX20200814_104208_V06,35.571,0.052,48.597,521.036,35.800,-77.215,42.751,17900.079,167377.237,20200814_064208
4,KTYX20200814_100651_V06,0.288,0.419,289.045,191.516,8.605,-75.749,44.244,4302.383,54518.097,20200814_060651
5,KTYX20200814_100651_V06,0.288,0.375,353.538,106.426,12.363,-75.343,44.626,6181.458,100420.837,20200814_060651
6,KTYX20200814_100651_V06,0.288,0.230,259.677,191.402,7.253,-75.932,44.244,3626.259,57921.428,20200814_060651
6,KTYX20200814_101353_V06,7.321,-1.000,259.677,191.402,18.436,-75.932,44.244,9217.759,57921.428,20200814_061353
6,KTYX20200814_102057_V06,14.388,0.053,259.888,196.937,15.504,-75.931,44.219,7752.058,55296.649,20200814_062057
1,KTYX20200815_100117_V06,-6.406,0.763,125.215,458.371,27.299,-76.752,43.038,13649.452,117931.066,20200815_060117
1,KTYX20200815_100820_V06,0.644,0.764,125.843,456.146,33.531,-76.749,43.048,16765.583,116952.913,20200815_060820
1,KTYX20200815_101524_V06,7.710,0.775,124.648,455.434,43.684,-76.756,43.051,21841.917,117162.364,20200815_061524
1,KTYX20200815_102228_V06,14.777,0.477,124.554,447.417,51.479,-76.757,43.087,25739.597,114578.584,20200815_062228
1,KTYX20200815_102934_V06,21.877,0.143,122.490,442.832,53.872,-76.770,43.108,26936.117,113919.733,20200815_062934
2,KTYX20200815_100117_V06,-6.406,0.150,244.850,414.691,2.514,-76.019,43.239,1256.794,63631.029,20200815_060117
4,KTYX20200815_100820_V06,0.644,0.466,295.124,180.734,6.228,-75.711,44.293,3114.227,59682.948,20200815_060820
1,KTYX20200816_100136_V06,-7.218,0.663,130.954,462.315,15.619,-76.717,43.021,7809.302,117178.064,20200816_060136
1,KTYX20200816_100651_V06,-1.968,0.883,131.465,461.370,21.898,-76.714,43.025,10949.008,116666.632,20200816_060651
1,KTYX20200816_101206_V06,3.282,0.821,130.776,459.377,28.663,-76.718,43.034,14331.454,116230.135,20200816_061206
1,KTYX20200816_101721_V06,8.532,0.842,130.189,458.968,33.932,-76.722,43.036,16966.217,116303.936,20200816_061721
1,KTYX20200816_102236_V06,13.782,0.767,128.794,456.221,43.473,-76.731,43.048,21736.744,115884.068,20200816_062236
1,KTYX20200816_102751_V06,19.032,0.657,125.819,454.141,50.520,-76.749,43.057,25260.059,116295.473,20200816_062751
1,KTYX20200816_103301_V06,24.198,0.657,122.163,453.754,57.832,-76.772,43.059,28916.132,117544.091,20200816_063301
1,KTYX20200816_103809_V06,29.332,0.443,114.537,455.273,68.608,-76.818,43.051,34304.238,120940.322,20200816_063809
1,KTYX20200816_104318_V06,34.482,0.115,114.018,455.776,74.850,-76.821,43.049,37424.871,121300.804,20200816_064318
2,KTYX20200817_100513_V06,-4.731,0.133,142.274,467.482,24.267,-76.647,42.998,12133.487,115029.870,20200817_060513
2,KTYX20200817_101100_V06,1.052,0.625,144.828,465.506,31.963,-76.632,43.007,15981.544,113435.574,20200817_061100
2,KTYX20200817_101647_V06,6.835,0.616,150.758,464.260,36.695,-76.595,43.013,18347.570,110967.038,20200817_061647
2,KTYX20200817_102219_V06,12.369,0.460,157.425,464.845,45.974,-76.554,43.011,22986.763,108974.138,20200817_062219
2,KTYX20200817_102807_V06,18.169,0.190,156.620,458.314,50.181,-76.560,43.040,25090.270,106795.324,20200817_062807
7,KTYX20200817_103354_V06,23.952,0.460,25.274,262.622,31.757,-77.390,43.911,15878.492,138628.715,20200817_063354
7,KTYX20200817_103941_V06,29.735,0.805,27.696,265.714,37.155,-77.375,43.898,18577.664,137226.789,20200817_063941
7,KTYX20200817_104528_V06,35.519,0.414,35.234,269.525,41.728,-77.327,43.881,20864.036,133257.193,20200817_064528
3,KTYX20200817_101100_V06,1.052,0.621,253.580,412.782,8.755,-75.966,43.248,4377.251,60980.514,20200817_061100
3,KTYX20200817_101647_V06,6.835,0.050,254.436,412.622,17.231,-75.961,43.249,8615.575,60744.949,20200817_061647
4,KTYX20200817_101100_V06,1.052,0.083,207.226,178.671,40.153,-76.261,44.300,20076.332,76367.143,20200817_061100
4,KTYX20200818_100259_V06,-8.095,0.497,138.071,473.381,16.825,-76.672,42.971,8412.416,118619.190,20200818_060259
4,KTYX20200818_100727_V06,-3.628,0.241,138.164,473.914,23.749,-76.672,42.969,11874.677,118782.308,20200818_060727
4,KTYX20200818_101153_V06,0.805,0.517,141.623,474.257,27.516,-76.651,42.967,13757.902,117737.653,20200818_061153
4,KTYX20200818_101625_V06,5.338,0.272,147.922,474.950,34.406,-76.612,42.965,17203.173,115904.252,20200818_061625
4,KTYX20200818_102104_V06,9.988,0.214,153.380,475.333,41.585,-76.579,42.963,20792.344,114279.309,20200818_062104
4,KTYX20200818_102544_V06,14.655,-1.000,158.828,475.795,48.514,-76.545,42.961,24257.056,112731.232,20200818_062544
4,KTYX20200818_103023_V06,19.305,0.057,146.724,459.521,39.352,-76.620,43.034,19676.079,110612.548,20200818_063023
5,KTYX20200818_100259_V06,-8.095,0.069,339.172,107.671,29.177,-75.433,44.621,14588.425,98139.039,20200818_060259
5,KTYX20200818_100727_V06,-3.628,0.141,338.705,106.553,36.655,-75.436,44.626,18327.741,98640.406,20200818_060727
6,KTYX20200818_100727_V06,-3.628,0.557,246.152,287.328,8.134,-76.015,43.812,4066.751,27659.607,20200818_060727
2,KTYX20200819_100048_V06,-11.409,0.240,136.271,476.240,16.121,-76.683,42.958,8060.390,120278.560,20200819_060048
2,KTYX20200819_100752_V06,-4.342,0.722,137.908,476.892,22.730,-76.673,42.955,11364.853,119963.449,20200819_060752
2,KTYX20200819_101456_V06,2.724,0.632,143.748,476.875,28.701,-76.637,42.956,14350.627,118003.694,20200819_061456
2,KTYX20200819_102159_V06,9.774,0.695,148.357,475.439,34.723,-76.609,42.962,17361.266,115946.866,20200819_062159
2,KTYX20200819_102903_V06,16.841,0.549,156.124,472.554,47.064,-76.562,42.976,23532.246,112333.430,20200819_062903
2,KTYX20200819_103607_V06,23.908,0.265,158.803,466.775,52.938,-76.546,43.002,26469.088,109259.363,20200819_063607
2,KTYX20200819_104310_V06,30.958,0.069,149.294,452.840,45.165,-76.605,43.064,22582.405,107322.325,20200819_064310
3,KTYX20200819_100752_V06,-4.342,0.714,234.631,293.053,8.949,-76.086,43.786,4474.447,32868.749,20200819_060752
3,KTYX20200819_101456_V06,2.724,0.939,234.820,294.755,16.452,-76.085,43.779,8226.243,32695.219,20200819_061456
3,KTYX20200819_102159_V06,9.774,0.933,236.194,295.666,20.622,-76.076,43.775,10311.147,31976.744,20200819_062159
3,KTYX20200819_102903_V06,16.841,0.581,236.635,296.987,27.045,-76.073,43.769,13522.455,31718.225,20200819_062903
7,KTYX20200819_110423_V06,52.174,0.764,299.675,301.968,38.095,-75.682,43.747,19047.489,997.382,20200819_070423
7,KTYX20200819_111128_V06,59.258,0.056,297.952,299.804,46.029,-75.693,43.757,23014.567,1028.878,20200819_071128
1,KTYX20200819_094646_V06,-25.442,0.396,476.599,386.518,16.491,-74.591,43.361,8245.253,98326.768,20200819_054646
1,KTYX20200820_100139_V06,-11.690,0.365,130.626,469.758,12.964,-76.718,42.987,6482.211,119901.357,20200820_060139
1,KTYX20200820_100845_V06,-4.590,0.547,133.987,472.398,23.846,-76.698,42.975,11923.199,119667.722,20200820_060845
1,KTYX20200820_101548_V06,2.460,0.545,137.794,475.296,32.552,-76.674,42.963,16276.058,119414.764,20200820_061548
1,KTYX20200820_102253_V06,9.544,0.470,141.835,471.486,38.318,-76.650,42.980,19159.036,116644.178,20200820_062253
1,KTYX20200820_102956_V06,16.594,0.424,147.788,464.632,45.167,-76.614,43.011,22583.708,112107.604,20200820_062956
2,KTYX20200820_105109_V06,37.810,0.055,147.073,438.392,49.642,-76.620,43.129,24821.100,103124.999,20200820_065109
3,KTYX20200820_110518_V06,51.960,0.105,221.427,332.478,42.097,-76.167,43.609,21048.660,42510.432,20200820_070518
1,KTYX20200821_100148_V06,-12.670,0.452,136.927,470.947,12.951,-76.680,42.982,6475.739,118126.665,20200821_060148
1,KTYX20200821_100628_V06,-8.004,0.545,138.910,472.067,19.921,-76.667,42.977,9960.623,117852.561,20200821_060628
1,KTYX20200821_101046_V06,-3.704,0.833,147.107,474.048,27.115,-76.617,42.969,13557.254,115832.986,20200821_061046
1,KTYX20200821_101505_V06,0.613,0.723,151.167,476.074,30.598,-76.592,42.960,15299.179,115274.733,20200821_061505
1,KTYX20200821_101928_V06,4.996,0.625,153.115,475.006,35.460,-76.580,42.965,17730.248,114239.113,20200821_061928
1,KTYX20200821_102351_V06,9.380,0.329,156.082,471.633,41.627,-76.562,42.980,20813.394,111993.684,20200821_062351
1,KTYX20200821_102830_V06,14.030,0.199,161.234,469.722,48.403,-76.531,42.989,24201.408,109614.589,20200821_062830
3,KTYX20200821_104705_V06,32.613,0.409,52.781,291.016,28.159,-77.216,43.786,14079.686,123691.146,20200821_064705
3,KTYX20200821_105144_V06,37.263,0.222,53.424,290.649,35.506,-77.212,43.788,17752.930,123376.390,20200821_065144
2,KTYX20200821_104227_V06,27.980,0.174,36.505,273.113,36.723,-77.319,43.865,18361.416,132431.520,20200821_064227
4,KTYX20200821_110103_V06,46.580,0.097,164.424,411.922,45.248,-76.515,43.249,22624.115,87902.323,20200821_070103
1,KTYX20200822_100445_V06,-10.851,0.068,135.685,475.920,15.814,-76.687,42.960,7906.852,120361.048,20200822_060445
1,KTYX20200822_101050_V06,-4.767,0.671,137.981,476.209,24.181,-76.673,42.958,12090.690,119686.840,20200822_061050
1,KTYX20200822_101657_V06,1.349,0.439,141.537,475.872,29.489,-76.651,42.960,14744.580,118365.418,20200822_061657
1,KTYX20200822_102248_V06,7.199,0.689,147.610,475.547,34.262,-76.614,42.962,17131.151,116231.883,20200822_062248
1,KTYX20200822_102812_V06,12.599,0.491,150.816,475.048,42.373,-76.594,42.964,21186.620,114997.543,20200822_062812
1,KTYX20200822_103348_V06,18.199,0.210,152.702,473.398,50.027,-76.583,42.972,25013.312,113758.241,20200822_063348
2,KTYX20200823_102402_V06,7.303,0.078,357.158,223.317,12.998,-75.323,44.100,6499.016,47820.668,20200823_062402
1,KTYX20200824_102017_V06,2.424,0.099,134.764,476.120,33.147,-76.693,42.959,16573.490,120748.745,20200824_062017
1,KTYX20200824_102434_V06,6.707,0.263,135.571,475.944,39.425,-76.688,42.960,19712.499,120408.672,20200824_062434
1,KTYX20200824_102913_V06,11.357,0.086,137.914,475.548,43.332,-76.673,42.961,21666.217,119466.335,20200824_062913
2,KTYX20200826_100843_V06,-11.398,0.556,127.558,478.073,12.288,-76.737,42.949,6144.096,123941.908,20200826_060843
2,KTYX20200826_101545_V06,-4.365,0.544,130.461,482.071,22.383,-76.718,42.932,11191.610,124391.610,20200826_061545
2,KTYX20200826_102243_V06,2.602,0.107,134.167,488.656,34.433,-76.695,42.902,17216.362,125590.362,20200826_062243
2,KTYX20200826_102945_V06,9.635,0.148,135.768,496.509,41.878,-76.685,42.867,20938.848,128050.522,20200826_062945
2,KTYX20200826_103649_V06,16.702,0.076,131.559,498.597,49.745,-76.710,42.857,24872.448,130204.606,20200826_063649
2,KTYX20200826_104352_V06,23.752,0.132,130.443,495.005,49.306,-76.718,42.873,24652.917,129205.753,20200826_064352
1,KTYX20200826_100843_V06,-11.398,0.699,355.958,132.062,6.888,-75.328,44.511,3444.191,88507.740,20200826_060843
1,KTYX20200826_101545_V06,-4.365,0.927,360.361,136.863,14.812,-75.301,44.489,7405.880,86973.056,20200826_061545
1,KTYX20200826_102243_V06,2.602,0.853,365.319,139.252,24.053,-75.270,44.478,12026.413,86756.250,20200826_062243
1,KTYX20200826_102945_V06,9.635,0.824,367.346,143.527,31.525,-75.257,44.459,15762.457,85175.243,20200826_062945
1,KTYX20200826_103649_V06,16.702,0.253,369.996,146.070,40.959,-75.240,44.448,20479.264,84548.597,20200826_063649
2,KTYX20200828_102506_V06,2.733,0.475,137.916,479.230,15.916,-76.673,42.945,7957.806,120824.837,20200828_062506
2,KTYX20200828_103210_V06,9.800,0.338,140.121,481.321,25.492,-76.659,42.936,12746.105,120870.405,20200828_063210
2,KTYX20200828_103914_V06,16.867,0.426,153.319,487.893,35.076,-76.578,42.907,17538.014,119183.862,20200828_063914
2,KTYX20200828_104617_V06,23.917,0.332,158.167,491.351,41.465,-76.548,42.891,20732.400,119092.271,20200828_064617
2,KTYX20200828_110024_V06,38.033,0.180,160.958,491.740,49.391,-76.531,42.890,24695.356,118423.893,20200828_070024
1,KTYX20200831_101749_V06,-7.921,0.147,123.866,461.770,16.403,-76.760,43.023,8201.646,119574.976,20200831_061749
1,KTYX20200831_102453_V06,-0.854,0.522,125.750,465.214,27.800,-76.749,43.007,13899.810,120061.037,20200831_062453
1,KTYX20200831_103156_V06,6.196,0.556,125.668,462.236,35.408,-76.749,43.021,17703.810,119071.606,20200831_063156
1,KTYX20200831_103901_V06,13.279,0.603,126.169,455.770,38.513,-76.747,43.050,19256.431,116706.224,20200831_063901
1,KTYX20200831_104604_V06,20.329,0.147,124.272,448.664,45.538,-76.759,43.082,22769.238,115088.272,20200831_064604
3,KTYX20200901_102851_V06,1.990,0.102,126.500,452.801,11.616,-76.745,43.063,5807.885,115596.728,20200901_062851
3,KTYX20200901_103330_V06,6.640,0.098,127.115,452.395,18.125,-76.741,43.065,9062.416,115231.505,20200901_063330
3,KTYX20200901_103809_V06,11.290,-1.000,127.598,452.077,24.826,-76.738,43.066,12413.004,114945.630,20200901_063809
3,KTYX20200901_104248_V06,15.940,0.206,129.850,449.530,23.382,-76.725,43.078,11690.915,113258.763,20200901_064248
3,KTYX20200901_104728_V06,20.607,0.241,130.680,446.337,26.303,-76.720,43.092,13151.716,111897.128,20200901_064728
3,KTYX20200901_105207_V06,25.257,0.363,134.426,442.866,32.493,-76.697,43.108,16246.356,109345.253,20200901_065207
3,KTYX20200901_110125_V06,34.557,0.357,134.417,433.454,43.896,-76.698,43.151,21947.827,106334.087,20200901_070125
3,KTYX20200901_110603_V06,39.190,0.060,128.864,427.813,45.726,-76.732,43.176,22863.179,106798.661,20200901_070603
5,KTYX20200901_103809_V06,11.290,0.158,126.432,449.477,16.294,-76.746,43.078,8146.952,114530.681,20200901_063809
2,KTYX20200903_102746_V06,-1.336,0.189,132.332,468.593,24.994,-76.708,42.992,12497.033,118886.759,20200903_062746
2,KTYX20200903_103449_V06,5.714,0.565,132.586,469.809,33.417,-76.706,42.987,16708.254,119229.499,20200903_063449
2,KTYX20200903_104154_V06,12.797,0.299,137.512,470.466,45.547,-76.676,42.984,22773.550,117750.782,20200903_064154
1,KTYX20200903_102043_V06,-8.386,0.264,195.388,331.989,27.484,-76.328,43.610,13742.126,54696.840,20200903_062043
1,KTYX20200903_102746_V06,-1.336,0.113,195.003,331.310,36.628,-76.330,43.613,18313.763,54782.801,20200903_062746
2,KTYX20200904_103455_V06,4.693,0.053,386.300,121.567,28.419,-75.137,44.557,14209.602,99103.556,20200904_063455
2,KTYX20200904_104159_V06,11.760,-1.000,386.300,121.567,39.655,-75.137,44.557,19827.602,99103.556,20200904_064159
2,KTYX20200904_104902_V06,18.810,0.056,395.036,123.135,43.108,-75.082,44.550,21553.865,100390.678,20200904_064902
1,KTYX20200904_102100_V06,-9.224,0.067,147.832,486.025,23.625,-76.612,42.915,11812.468,120167.145,20200904_062100
2,KTYX20200906_103053_V06,-1.582,0.079,134.711,471.748,34.621,-76.693,42.978,17310.562,119182.365,20200906_063053
2,KTYX20200906_103757_V06,5.484,0.077,133.841,470.361,44.500,-76.699,42.985,22250.234,118987.335,20200906_063757
2,KTYX20200906_104502_V06,12.568,0.218,134.295,464.061,49.226,-76.696,43.013,24613.219,116591.276,20200906_064502
2,KTYX20200906_105207_V06,19.651,0.061,133.760,452.674,47.237,-76.700,43.064,23618.363,112855.160,20200906_065207
1,KTYX20200906_103053_V06,-1.582,0.160,283.893,339.821,4.777,-75.780,43.577,2388.481,21477.723,20200906_063053
3,KTYX20200907_114318_V06,69.713,0.061,60.313,152.048,83.274,-77.185,44.412,41637.177,140836.590,20200907_074318
3,KTYX20200907_114752_V06,74.280,-1.000,60.313,152.048,90.535,-77.185,44.412,45267.677,140836.590,20200907_074752
3,KTYX20200907_115219_V06,78.730,-1.000,60.313,152.048,97.611,-77.185,44.412,48805.427,140836.590,20200907_075219
3,KTYX20200907_120143_V06,88.130,0.069,76.474,155.115,100.733,-77.083,44.399,50366.543,133187.364,20200907_080143
1,KTYX20200910_112411_V06,47.230,0.103,324.590,386.409,30.554,-75.528,43.367,15277.090,44920.140,20200910_072411
5,KTYX20200913_120230_V06,82.173,0.062,23.499,421.672,34.362,-77.381,43.196,17181.076,151043.618,20200913_080230
3,KTYX20200914_103618_V06,-5.154,0.055,330.805,307.555,7.595,-75.489,43.722,3797.478,15858.744,20200914_063618
4,KTYX20200914_105019_V06,8.863,0.211,459.924,225.350,60.828,-74.682,44.087,30413.948,88244.351,20200914_065019
5,KTYX20200917_103016_V06,-14.576,0.066,27.080,353.676,34.331,-77.367,43.502,17165.745,139074.034,20200917_063016
3,KTYX20201003_110106_V06,-2.131,0.050,196.411,260.539,22.651,-76.325,43.932,11325.415,55425.101,20201003_070106
5,KTYX20201003_113342_V06,30.469,0.068,162.350,304.087,16.692,-76.534,43.734,8345.934,68855.265,20201003_073342
1,KTYX20201004_104016_V06,-24.142,0.556,298.783,302.881,13.516,-75.688,43.743,6757.786,1563.924,20201004_064016
2,KTYX20201004_104016_V06,-24.142,0.070,209.421,142.338,8.128,-76.249,44.464,4064.049,90914.420,20201004_064016
4,KTYX20201004_112841_V06,24.275,0.088,18.089,296.095,27.054,-77.431,43.760,13526.789,140969.009,20201004_072841
5,KTYX20201004_112841_V06,24.275,0.072,38.494,453.756,49.485,-77.285,43.053,24742.577,151679.091,20201004_072841
1,KTYX20201018_111607_V06,-5.307,0.053,43.254,183.076,74.553,-77.288,44.271,37276.680,141058.060,20201018_071607
1,KTYX20201018_112251_V06,1.426,0.115,44.151,175.585,83.188,-77.283,44.305,41594.032,142247.921,20201018_072251
2,KTYX20201018_112251_V06,1.426,0.071,20.579,276.709,33.229,-77.418,43.847,16614.485,140194.904,20201018_072251
2,KTYX20201018_112935_V06,8.160,0.154,22.573,273.854,43.291,-77.406,43.860,21645.536,139328.107,20201018_072935
2,KTYX20201018_113620_V06,14.910,0.127,26.921,266.948,37.876,-77.379,43.892,18937.887,137535.763,20201018_073620
1,KTYX20201019_111335_V06,-9.096,0.226,34.500,199.490,59.498,-77.341,44.196,29748.812,141943.864,20201019_071335
10,KTYX20201022_113213_V06,5.743,0.052,42.624,276.332,61.474,-77.281,43.851,30736.782,129231.015,20201022_073213
10,KTYX20201022_113636_V06,10.126,0.060,43.994,277.823,66.708,-77.272,43.845,33354.165,128482.170,20201022_073636
1,KTYX20201025_120914_V06,38.926,0.051,413.484,111.017,1.821,-74.965,44.604,910.576,110219.285,20201025_080914
3,KTYX20201026_111617_V06,-15.310,0.207,205.789,59.185,55.748,-76.276,44.838,27873.795,129293.805,20201026_071617
10,KTYX20201028_123711_V06,63.007,0.106,44.828,305.426,53.122,-77.263,43.720,26560.776,127614.930,20201028_083711
10,KTYX20201028_124141_V06,67.507,-1.000,44.828,305.426,60.277,-77.263,43.720,30138.276,127614.930,20201028_084141
10,KTYX20201028_124618_V06,72.123,-1.000,44.828,305.426,67.617,-77.263,43.720,33808.526,127614.930,20201028_084618
10,KTYX20201028_125056_V06,76.757,0.055,56.376,303.917,63.976,-77.192,43.728,31988.128,121827.653,20201028_085056
2,KTYX20201028_110650_V06,-27.343,0.061,92.667,343.406,6.623,-76.963,43.553,3311.741,105914.221,20201028_070650
1,KTYX20201029_113854_V06,3.426,0.205,95.251,421.968,9.492,-76.940,43.200,4745.915,119161.994,20201029_073854
1,KTYX20201029_114324_V06,7.926,0.689,95.817,421.125,14.175,-76.936,43.204,7087.362,118703.185,20201029_074324
1,KTYX20201029_114755_V06,12.443,0.447,95.968,420.684,16.315,-76.935,43.206,8157.704,118525.951,20201029_074755
1,KTYX20201030_111611_V06,-20.591,0.124,27.587,447.068,38.439,-77.353,43.082,19219.528,154788.369,20201030_071611
1,KTYX20201031_111805_V06,-19.994,0.054,348.140,82.447,11.199,-75.376,44.734,5599.602,111407.840,20201031_071805
1,KTYX20201101_111335_V06,-25.800,0.104,245.205,180.554,2.372,-76.023,44.293,1186.224,65707.272,20201101_061335
2,KTYX20201101_112721_V06,-12.033,0.193,38.266,221.481,59.851,-77.314,44.098,29925.323,136629.094,20201101_062721
1,KTYX20201104_112158_V06,-21.348,0.072,297.159,305.458,17.814,-75.698,43.731,8907.242,3076.858,20201104_062158
2,KTYX20201104_114247_V06,-0.531,0.058,296.795,303.839,17.693,-75.700,43.739,8846.447,2500.495,20201104_064247
2,KTYX20201104_114950_V06,6.519,-1.000,296.795,303.839,28.902,-75.700,43.739,14451.197,2500.495,20201104_064950
2,KTYX20201104_120343_V06,20.402,0.070,297.749,304.274,17.493,-75.694,43.737,8746.292,2415.311,20201104_070343
1,KTYX20201106_122905_V06,43.140,0.076,299.219,302.661,16.546,-75.685,43.744,8272.949,1386.854,20201106_072905
2,KTYX20201114_113908_V06,-17.306,0.277,365.926,402.942,15.058,-75.274,43.292,7528.885,61121.481,20201114_063908
2,KTYX20201114_114604_V06,-10.373,0.077,364.511,401.712,26.925,-75.283,43.297,13462.385,60222.437,20201114_064604
2,KTYX20201114_115300_V06,-3.439,-1.000,363.253,400.618,38.698,-75.290,43.302,19349.113,59424.154,20201114_065300
2,KTYX20201114_120651_V06,10.411,0.054,320.643,363.237,49.015,-75.552,43.471,24507.546,33260.377,20201114_070651
2,KTYX20201114_121347_V06,17.344,0.062,327.117,352.357,59.803,-75.512,43.520,29901.558,29481.109,20201114_071347
1,KTYX20201115_123247_V06,35.045,0.405,24.379,139.208,26.310,-77.412,44.466,13155.248,159546.915,20201115_073247
3,KTYX20201122_130319_V06,56.690,0.052,28.764,298.518,55.244,-77.364,43.750,27621.794,135619.817,20201122_080319
2,KTYX20201125_114544_V06,-24.541,0.064,24.228,489.174,42.864,-77.368,42.892,21432.196,167209.932,20201125_064544
2,KTYX20201125_115050_V06,-19.441,0.660,27.342,483.108,48.084,-77.350,42.919,24042.021,164218.542,20201125_065050
2,KTYX20201125_120100_V06,-9.275,0.208,39.449,484.448,60.358,-77.275,42.914,30178.883,159614.817,20201125_070100
2,KTYX20201125_120551_V06,-4.425,0.136,41.091,517.757,53.634,-77.262,42.765,26816.971,169153.696,20201125_070551
2,KTYX20201125_121042_V06,0.425,0.167,43.085,516.785,58.481,-77.250,42.769,29240.619,168078.141,20201125_071042
2,KTYX20201125_121532_V06,5.259,0.088,53.903,513.429,57.339,-77.184,42.785,28669.301,162877.094,20201125_071532
1,KTYX20201125_114024_V06,-29.875,0.161,298.648,302.165,12.953,-75.688,43.746,6476.582,1276.329,20201125_064024
3,KTYX20201125_114544_V06,-24.541,0.058,35.933,400.211,31.062,-77.307,43.293,15530.779,141221.234,20201125_064544
5,KTYX20201125_121042_V06,0.425,0.121,298.997,301.011,11.697,-75.686,43.751,5848.255,712.227,20201125_071042
6,KTYX20201125_125058_V06,40.692,0.103,25.805,452.040,27.416,-77.363,43.059,13707.861,156763.630,20201125_075058
7,KTYX20201125_130825_V06,58.142,0.065,47.235,446.803,66.475,-77.232,43.085,33237.671,146151.590,20201125_080825
8,KTYX20201126_130740_V06,56.204,0.152,298.309,203.167,16.805,-75.691,44.192,8402.351,48424.009,20201126_080740
10,KTYX20201126_131309_V06,61.687,0.065,152.148,209.901,30.692,-76.604,44.158,15345.838,86570.620,20201126_081309
12,KTYX20201128_131335_V06,59.792,0.125,26.035,202.500,34.688,-77.393,44.182,17343.880,145398.531,20201128_081335
12,KTYX20201128_131940_V06,65.876,0.126,26.511,203.796,44.057,-77.390,44.176,22028.374,144958.433,20201128_081940
15,KTYX20201128_133150_V06,78.042,0.056,110.722,491.517,55.752,-76.839,42.888,27875.996,134633.645,20201128_083150
22,KTYX20201130_132140_V06,65.617,0.072,436.545,339.069,31.380,-74.835,43.577,15689.808,71012.189,20201130_082140
22,KTYX20201130_132635_V06,70.534,0.052,433.083,336.969,37.484,-74.856,43.586,18741.917,69061.251,20201130_082635
1,KTYX20201205_133939_V06,78.309,0.073,178.144,212.764,8.246,-76.442,44.146,4122.751,74931.840,20201205_083939
1,KTYX20201207_131606_V06,52.805,0.104,390.001,307.055,33.979,-75.122,43.723,16989.456,45138.644,20201207_081606
3,KTYX20201209_134827_V06,83.305,0.052,23.097,139.018,33.348,-77.420,44.467,16673.809,160148.744,20201209_084827
3,KTYX20201209_135303_V06,87.905,0.230,24.290,139.723,39.063,-77.412,44.464,19531.535,159456.036,20201209_085303
2,KTYX20201212_120756_V06,-19.774,0.242,298.266,302.206,13.118,-75.691,43.746,6558.907,1403.055,20201212_070756
3,KTYX20201212_122138_V06,-6.074,0.056,173.376,394.090,8.238,-76.461,43.330,4119.152,78877.503,20201212_072138
4,KTYX20201212_124853_V06,21.176,0.074,41.706,439.136,74.595,-77.267,43.119,37297.653,146692.562,20201212_074853
5,KTYX20201212_132223_V06,54.676,0.065,32.094,109.694,54.506,-77.367,44.600,27253.189,164309.051,20201212_082223
7,KTYX20201213_134627_V06,77.949,0.109,330.026,328.981,13.988,-75.494,43.625,6993.958,20865.421,20201213_084627
7,KTYX20201213_135103_V06,82.549,0.052,328.745,328.844,22.687,-75.502,43.626,11343.664,20360.889,20201213_085103
9,KTYX20201213_134627_V06,77.949,0.051,349.400,306.784,19.989,-75.373,43.725,9994.350,24931.877,20201213_084627
1,KTYX20201215_120445_V06,-25.241,0.053,26.581,448.419,30.547,-77.359,43.075,15273.716,155552.442,20201215_070445
2,KTYX20201216_121607_V06,-14.569,0.063,25.838,447.130,41.475,-77.363,43.081,20737.663,155573.184,20201216_071607
2,KTYX20201216_122254_V06,-7.785,0.080,25.826,444.673,48.443,-77.364,43.092,24221.405,155001.260,20201216_072254
1,KTYX20201216_120916_V06,-21.419,0.060,29.795,288.380,31.450,-77.359,43.796,15724.992,135227.439,20201216_070916
1,KTYX20201216_121607_V06,-14.569,0.052,32.410,268.489,56.940,-77.345,43.886,28470.226,134719.433,20201216_071607
1,KTYX20201216_122254_V06,-7.785,0.061,37.327,250.999,50.591,-77.317,43.965,25295.650,133602.242,20201216_072254
6,KTYX20201216_134449_V06,74.131,0.055,62.279,211.868,72.641,-77.166,44.143,36320.469,126766.248,20201216_084449
1,KTYX20201217_133154_V06,60.555,0.091,348.948,88.742,1.853,-75.371,44.706,926.666,108427.215,20201217_083154
1,KTYX20201218_121410_V06,-17.802,0.085,178.957,214.670,8.786,-76.436,44.137,4393.120,74048.199,20201218_071410
2,KTYX20201223_132052_V06,46.337,0.379,41.976,384.639,43.755,-77.272,43.364,21877.651,135775.692,20201223_082052
4,KTYX20201225_131038_V06,35.351,0.058,29.950,72.700,34.943,-77.386,44.766,17471.527,176488.068,20201225_081038
1,KTYX20201228_123244_V06,-3.375,0.211,33.321,300.580,58.498,-77.335,43.741,29248.850,133339.972,20201228_073244
2,KTYX20201231_130630_V06,29.935,0.082,219.411,133.256,12.717,-76.187,44.505,6358.639,92598.740,20201231_080630
